/*---------------------------------------------------------------------------*\
|       OpenFoam mesh file generated using HyperMesh Version: 2019.1.0.20     |
\*---------------------------------------------------------------------------*/
FoamFile
{
    version     2.0;
    format      ascii;
    class       labelList;
    note        "nPoints: 5000 nCells: 2396 nFaces: 9688 nInternalFaces: 4688";
    location    "constant/polyMesh";
    object      neighbour;
}
// * * * * * * * * * * * * * * * * * * * * * * * * * * * * * * * * * * * * * //

4688
(
61
195
156
157
98
99
4
194
5
281
6
307
7
308
8
309
9
310
10
311
11
312
12
313
13
314
14
315
15
316
16
317
17
318
18
319
19
320
20
321
21
322
22
323
23
324
24
325
25
326
26
327
27
328
28
329
29
330
30
331
31
332
32
333
33
334
34
335
35
336
36
337
37
338
38
339
39
340
40
341
41
342
42
343
43
344
44
345
45
346
46
347
47
348
48
349
49
350
50
351
51
352
52
353
53
354
54
355
55
356
56
357
57
358
58
359
59
1123
60
1122
195
801
62
798
63
797
64
796
65
782
66
768
67
754
68
740
69
726
70
712
71
698
72
684
73
670
74
587
75
576
76
565
77
534
78
524
79
514
80
464
81
440
82
433
83
413
84
407
85
398
86
392
87
386
88
380
89
365
90
360
91
302
92
297
93
292
94
278
95
222
96
220
97
214
98
212
210
100
210
101
211
102
216
103
217
104
248
105
249
106
250
107
251
108
252
109
253
110
254
111
255
112
256
113
257
114
277
115
276
116
275
117
274
118
273
119
272
120
271
121
270
122
269
123
268
124
267
125
266
126
265
127
264
128
263
129
262
130
261
131
260
132
259
133
258
134
247
135
246
136
245
137
244
138
243
139
242
140
241
141
240
142
239
143
238
144
237
145
236
146
235
147
234
148
233
149
232
150
231
151
230
152
229
153
228
154
227
155
226
156
209
208
158
208
159
989
160
988
161
987
162
986
163
985
164
984
165
983
166
982
167
981
168
980
169
979
170
978
171
977
172
976
173
975
174
974
175
973
176
972
177
971
178
970
179
969
180
968
181
967
182
966
183
965
184
964
185
963
186
962
187
961
188
960
189
959
190
958
191
957
192
913
193
853
194
802
281
798
197
203
2262
204
2261
199
207
2252
202
2254
201
202
2312
203
2314
2258
2313
2263
2315
205
2257
2260
206
2256
207
2255
2251
2253
209
989
226
1106
211
212
213
216
213
214
215
218
215
220
219
221
217
218
248
282
219
282
224
283
221
222
223
224
223
278
225
279
225
284
280
285
227
1107
228
1108
229
1110
230
1111
231
1112
232
1113
233
1114
234
1115
235
1116
236
1117
237
1118
238
1119
239
912
240
1124
241
1125
242
1126
243
1127
244
1128
245
1129
246
1130
247
1131
258
1132
249
287
250
370
251
404
252
406
253
472
254
491
255
492
256
493
257
494
277
495
259
1133
260
1134
261
1135
262
1136
263
1137
264
1138
265
1139
266
1140
267
1141
268
1142
269
1143
270
1144
271
1145
272
1146
273
1147
274
1148
275
1149
276
1150
277
1151
1152
279
292
280
293
286
294
307
802
283
287
284
288
285
289
286
290
291
295
288
370
289
371
290
372
291
373
296
374
293
297
294
298
295
299
296
300
301
375
298
302
299
303
300
304
301
305
306
376
303
360
304
361
305
362
306
363
364
377
308
803
309
804
310
805
311
806
312
807
313
808
314
809
315
810
316
811
317
812
318
813
319
814
320
815
321
816
322
817
323
818
324
819
325
820
326
821
327
822
328
823
329
824
330
825
331
826
332
827
333
828
334
829
335
830
336
831
337
832
338
833
339
834
340
835
341
836
342
837
343
838
344
839
345
840
346
841
347
842
348
843
349
844
350
845
351
846
352
847
353
848
354
849
355
850
356
851
357
852
358
864
359
865
909
1123
361
365
362
366
363
367
364
368
369
378
366
380
367
381
368
382
369
383
379
384
371
404
372
405
373
419
374
420
375
421
376
422
377
423
378
424
379
425
385
426
381
386
382
387
383
388
384
389
385
390
391
427
387
392
388
393
389
394
390
395
391
396
397
428
393
398
394
399
395
400
396
401
397
402
403
429
399
407
400
408
401
409
402
410
403
411
412
430
405
406
419
447
447
472
408
413
409
414
410
415
411
416
412
417
418
431
414
433
415
434
416
435
417
436
418
437
432
438
420
448
421
449
422
450
423
451
424
452
425
453
426
454
427
455
428
456
429
457
430
458
431
459
432
460
439
461
434
440
435
441
436
442
437
443
438
444
439
445
446
462
441
464
442
465
443
466
444
467
445
468
446
469
463
470
448
473
449
474
450
475
451
476
452
477
453
478
454
479
455
480
456
481
457
482
458
483
459
484
460
485
461
486
462
487
463
488
471
489
465
514
466
515
467
516
468
517
469
518
470
519
471
520
490
521
473
491
474
496
475
497
476
498
477
499
478
500
479
501
480
502
481
503
482
504
483
505
484
506
485
507
486
508
487
509
488
510
489
511
490
512
513
522
492
496
493
544
494
598
495
622
646
1152
497
544
498
545
499
546
500
547
501
548
502
549
503
550
504
551
505
552
506
553
507
554
508
555
509
556
510
557
511
558
512
559
513
560
523
561
515
524
516
525
517
526
518
527
519
528
520
529
521
530
522
531
523
532
533
562
525
534
526
535
527
536
528
537
529
538
530
539
531
540
532
541
533
542
543
563
535
565
536
566
537
567
538
568
539
569
540
570
541
571
542
572
543
573
564
574
545
598
546
599
547
600
548
601
549
602
550
603
551
604
552
605
553
606
554
607
555
608
556
609
557
610
558
611
559
612
560
613
561
614
562
615
563
616
564
617
575
618
566
576
567
577
568
578
569
579
570
580
571
581
572
582
573
583
574
584
575
585
586
619
577
587
578
588
579
589
580
590
581
591
582
592
583
593
584
594
585
595
586
596
597
620
588
670
589
671
590
672
591
673
592
674
593
675
594
676
595
677
596
678
597
679
621
680
599
622
600
623
601
624
602
625
603
626
604
627
605
628
606
629
607
630
608
631
609
632
610
633
611
634
612
635
613
636
614
637
615
638
616
639
617
640
618
641
619
642
620
643
621
644
645
681
623
646
624
647
625
648
626
649
627
650
628
651
629
652
630
653
631
654
632
655
633
656
634
657
635
658
636
659
637
660
638
661
639
662
640
663
641
664
642
665
643
666
644
667
645
668
669
682
647
1547
648
1548
649
1549
650
1550
651
1551
652
1568
653
1569
654
1570
655
1571
656
1572
657
1573
658
1574
659
1575
660
1576
661
1577
662
1578
663
1579
664
1580
665
1581
666
1582
667
1583
668
1584
669
1585
683
1494
671
684
672
685
673
686
674
687
675
688
676
689
677
690
678
691
679
692
680
693
681
694
682
695
683
696
697
1462
685
698
686
699
687
700
688
701
689
702
690
703
691
704
692
705
693
706
694
707
695
708
696
709
697
710
711
1409
699
712
700
713
701
714
702
715
703
716
704
717
705
718
706
719
707
720
708
721
709
722
710
723
711
724
725
1375
713
726
714
727
715
728
716
729
717
730
718
731
719
732
720
733
721
734
722
735
723
736
724
737
725
738
739
1341
727
740
728
741
729
742
730
743
731
744
732
745
733
746
734
747
735
748
736
749
737
750
738
751
739
752
753
1307
741
754
742
755
743
756
744
757
745
758
746
759
747
760
748
761
749
762
750
763
751
764
752
765
753
766
767
1222
755
768
756
769
757
770
758
771
759
772
760
773
761
774
762
775
763
776
764
777
765
778
766
779
767
780
781
1075
769
782
770
783
771
784
772
785
773
786
774
787
775
788
776
789
777
790
778
791
779
792
780
793
781
794
795
1032
783
796
784
799
785
1120
786
910
787
908
788
907
789
906
790
905
791
904
792
903
793
902
794
901
795
900
899
956
797
799
798
800
801
800
1120
801
1121
1122
803
853
804
854
805
855
806
856
807
857
808
858
809
859
810
860
811
861
812
862
813
863
814
866
815
867
816
868
817
869
818
870
819
871
820
872
821
873
822
874
823
875
824
876
825
877
826
878
827
879
828
880
829
881
830
882
831
883
832
884
833
885
834
886
835
887
836
888
837
889
838
890
839
891
840
892
841
893
842
894
843
895
844
896
845
897
846
898
847
899
848
900
849
901
850
902
851
903
852
904
864
905
854
913
855
914
856
915
857
916
858
917
859
918
860
919
861
920
862
921
863
922
866
923
865
906
907
909
867
924
868
925
869
926
870
927
871
928
872
929
873
930
874
931
875
932
876
933
877
934
878
935
879
936
880
937
881
938
882
939
883
940
884
941
885
942
886
943
887
944
888
945
889
946
890
947
891
948
892
949
893
950
894
951
895
952
896
953
897
954
898
955
899
956
900
901
902
903
904
905
906
907
908
909
910
911
911
1120
1121
1123
1119
1124
1518
914
957
915
990
916
991
917
992
918
993
919
994
920
995
921
996
922
997
923
998
924
999
925
1000
926
1001
927
1002
928
1003
929
1004
930
1005
931
1006
932
1007
933
1008
934
1009
935
1010
936
1011
937
1012
938
1013
939
1014
940
1015
941
1016
942
1017
943
1018
944
1019
945
1020
946
1021
947
1022
948
1023
949
1024
950
1025
951
1026
952
1027
953
1028
954
1029
955
1030
956
1031
1032
958
990
959
1033
960
1076
961
1077
962
1078
963
1079
964
1080
965
1081
966
1082
967
1083
968
1084
969
1085
970
1086
971
1087
972
1088
973
1089
974
1090
975
1091
976
1092
977
1093
978
1094
979
1095
980
1096
981
1097
982
1098
983
1099
984
1100
985
1101
986
1102
987
1103
988
1104
989
1105
1106
991
1033
992
1034
993
1035
994
1036
995
1037
996
1038
997
1039
998
1040
999
1041
1000
1042
1001
1043
1002
1044
1003
1045
1004
1046
1005
1047
1006
1048
1007
1049
1008
1050
1009
1051
1010
1052
1011
1053
1012
1054
1013
1055
1014
1056
1015
1057
1016
1058
1017
1059
1018
1060
1019
1061
1020
1062
1021
1063
1022
1064
1023
1065
1024
1066
1025
1067
1026
1068
1027
1069
1028
1070
1029
1071
1030
1072
1031
1073
1032
1074
1075
1034
1076
1035
1153
1036
1182
1037
1183
1038
1184
1039
1185
1040
1186
1041
1187
1042
1188
1043
1189
1044
1190
1045
1191
1046
1192
1047
1193
1048
1194
1049
1195
1050
1196
1051
1197
1052
1198
1053
1199
1054
1200
1055
1201
1056
1202
1057
1203
1058
1204
1059
1205
1060
1206
1061
1207
1062
1208
1063
1209
1064
1210
1065
1211
1066
1212
1067
1213
1068
1214
1069
1215
1070
1216
1071
1217
1072
1218
1073
1219
1074
1220
1075
1221
1222
1077
1153
1078
1154
1079
1155
1080
1156
1081
1157
1082
1158
1083
1159
1084
1160
1085
1161
1086
1162
1087
1163
1088
1164
1089
1165
1090
1166
1091
1167
1092
1168
1093
1169
1094
1170
1095
1171
1096
1172
1097
1173
1098
1174
1099
1175
1100
1176
1101
1177
1102
1178
1103
1179
1104
1180
1105
1181
1106
1109
1107
1108
1109
1110
1271
1181
1271
1111
1272
1112
1301
1113
1509
1114
1510
1115
1512
1116
1513
1117
1514
1118
1515
1119
1516
1517
1121
1122
1123
1125
1519
1126
1520
1127
1521
1128
1522
1129
1523
1130
1524
1131
1525
1132
1526
1133
1527
1134
1528
1135
1529
1136
1530
1137
1531
1138
1532
1139
1533
1140
1534
1141
1535
1142
1536
1143
1537
1144
1538
1145
1539
1146
1540
1147
1541
1148
1542
1149
1543
1150
1544
1151
1545
1152
1546
1547
1154
1182
1155
1223
1156
1229
1157
1235
1158
1241
1159
1247
1160
1248
1161
1249
1162
1250
1163
1251
1164
1252
1165
1253
1166
1254
1167
1255
1168
1256
1169
1257
1170
1258
1171
1259
1172
1260
1173
1261
1174
1262
1175
1263
1176
1264
1177
1265
1178
1266
1179
1267
1180
1268
1181
1269
1270
1183
1223
1184
1224
1185
1225
1186
1226
1187
1227
1188
1228
1189
2227
1190
1340
1191
1339
1192
1338
1193
1337
1194
1336
1195
1335
1196
1334
1197
1333
1198
1332
1199
1331
1200
1330
1201
1329
1202
1328
1203
1327
1204
1326
1205
1325
1206
1324
1207
1323
1208
1322
1209
1321
1210
1320
1211
1319
1212
1318
1213
1317
1214
1316
1215
1315
1216
1314
1217
1313
1218
1312
1219
1311
1220
1310
1221
1309
1222
1308
1307
1224
1229
1225
1230
1226
1231
1227
1232
1228
1233
1234
2227
1230
1235
1231
1236
1232
1237
1233
1238
1234
1239
1240
2236
1236
1241
1237
1242
1238
1243
1239
1244
1240
1245
1246
2237
1242
1247
1243
1273
1244
1297
1245
1298
1246
1299
1300
2238
1248
1273
1249
1274
1250
1275
1251
1276
1252
1277
1253
1278
1254
1279
1255
1280
1256
1281
1257
1282
1258
1283
1259
1284
1260
1285
1261
1286
1262
1287
1263
1288
1264
1289
1265
1290
1266
1291
1267
1292
1268
1293
1269
1294
1270
1295
1271
1296
1272
1296
1301
1274
1297
1275
1303
1276
1441
1277
1442
1278
1443
1279
1444
1280
1445
1281
1446
1282
1447
1283
1448
1284
1449
1285
1450
1286
1451
1287
1452
1288
1453
1289
1454
1290
1455
1291
1456
1292
1457
1293
1458
1294
1459
1295
1460
1296
1461
1302
1298
1303
1299
1304
1300
1305
1306
2239
1302
1509
1461
2053
1304
1441
1305
2226
1306
2231
2232
2240
1308
1341
1309
1342
1310
1343
1311
1344
1312
1345
1313
1346
1314
1347
1315
1348
1316
1349
1317
1350
1318
1351
1319
1352
1320
1353
1321
1354
1322
1355
1323
1356
1324
1357
1325
1358
1326
1359
1327
1360
1328
1361
1329
1362
1330
1363
1331
1364
1332
1365
1333
1366
1334
1367
1335
1368
1336
1369
1337
1370
1338
1371
1339
1372
1340
1373
1374
2227
1342
1375
1343
1376
1344
1377
1345
1378
1346
1379
1347
1380
1348
1381
1349
1382
1350
1383
1351
1384
1352
1385
1353
1386
1354
1387
1355
1388
1356
1389
1357
1390
1358
1391
1359
1392
1360
1393
1361
1394
1362
1395
1363
1396
1364
1397
1365
1398
1366
1399
1367
1400
1368
1401
1369
1402
1370
1403
1371
1404
1372
1405
1373
1406
1374
1407
1408
2236
1376
1409
1377
1410
1378
1411
1379
1412
1380
1413
1381
1414
1382
1415
1383
1416
1384
1417
1385
1418
1386
1419
1387
1420
1388
1421
1389
1422
1390
1423
1391
1424
1392
1425
1393
1426
1394
1427
1395
1428
1396
1429
1397
1430
1398
1431
1399
1432
1400
1433
1401
1434
1402
1435
1403
1436
1404
1437
1405
1438
1406
1439
1407
1440
1408
2207
2215
2237
1410
1462
1411
1463
1412
1464
1413
1465
1414
1466
1415
1467
1416
1468
1417
1469
1418
1470
1419
1471
1420
1472
1421
1473
1422
1474
1423
1475
1424
1476
1425
1477
1426
1478
1427
1479
1428
1480
1429
1481
1430
1482
1431
1483
1432
1484
1433
1485
1434
1486
1435
1487
1436
1488
1437
1489
1438
1490
1439
1491
1440
1492
1493
2207
1442
2226
1443
2272
1444
2297
1445
2326
1446
2334
1447
2342
1448
2350
1449
2358
1450
2366
1451
2377
1452
2378
1453
2384
1454
2389
1455
2394
1456
2392
1457
2383
1458
2365
1459
2222
1460
2221
1461
2220
2219
1463
1494
1464
1495
1465
1496
1466
1497
1467
1498
1468
1499
1469
1500
1470
1501
1471
1502
1472
1503
1473
1504
1474
1505
1475
1506
1476
1507
1477
1508
1478
1511
1479
1552
1480
1553
1481
1554
1482
1555
1483
1556
1484
1557
1485
1558
1486
1559
1487
1560
1488
1561
1489
1562
1490
1563
1491
1564
1492
1565
1493
1566
1567
2208
1495
1585
1496
1586
1497
1587
1498
1588
1499
1589
1500
1590
1501
1591
1502
1592
1503
1593
1504
1594
1505
1595
1506
1596
1507
1597
1508
1598
1511
1599
1510
2053
1512
2052
1552
1600
1513
2051
1514
2050
1515
2049
1516
2048
1517
2047
1518
2046
1519
2045
1520
2044
1521
2043
1522
2042
1523
2041
1524
2040
1525
2039
1526
2038
1527
2037
1528
2016
1529
1995
1530
1974
1531
1953
1532
1932
1533
1911
1534
1890
1535
1869
1536
1848
1537
1828
1538
1806
1539
1785
1540
1764
1541
1743
1542
1722
1543
1701
1544
1700
1545
1659
1546
1658
1547
1615
1548
1549
1615
1550
1616
1551
1617
1568
1618
1553
1601
1554
1602
1555
1603
1556
1604
1557
1605
1558
1606
1559
1607
1560
1608
1561
1609
1562
1610
1563
1611
1564
1612
1565
1613
1566
1614
1567
1636
1637
2209
1569
1619
1570
1620
1571
1621
1572
1622
1573
1623
1574
1624
1575
1625
1576
1626
1577
1627
1578
1628
1579
1629
1580
1630
1581
1631
1582
1632
1583
1633
1584
1634
1585
1635
1586
1587
1635
1588
1638
1589
1679
1590
1680
1591
1721
1592
1742
1593
1763
1594
1784
1595
1805
1596
1826
1597
1827
1598
1868
1599
1889
1600
1910
1601
1931
1602
1952
1603
1973
1604
1994
1605
2015
1606
2036
1607
2073
1608
2271
1609
2286
1610
2285
1611
2284
1612
2283
1613
2282
1614
2281
1636
2280
1616
1658
1617
1657
1618
1656
1619
1655
1620
1654
1621
1653
1622
1652
1623
1651
1624
1650
1625
1649
1626
1648
1627
1647
1628
1646
1629
1645
1630
1644
1631
1643
1632
1642
1633
1641
1634
1640
1635
1639
1638
1637
2279
2210
2278
1639
1679
1640
1678
1641
1677
1642
1676
1643
1675
1644
1674
1645
1673
1646
1672
1647
1671
1648
1670
1649
1669
1650
1668
1651
1667
1652
1666
1653
1665
1654
1664
1655
1663
1656
1662
1657
1661
1658
1660
1659
1660
1700
1661
1699
1662
1698
1663
1697
1664
1696
1665
1695
1666
1694
1667
1693
1668
1692
1669
1691
1670
1690
1671
1689
1672
1688
1673
1687
1674
1686
1675
1685
1676
1684
1677
1683
1678
1682
1679
1681
1680
1681
1721
1682
1720
1683
1719
1684
1718
1685
1717
1686
1716
1687
1715
1688
1714
1689
1713
1690
1712
1691
1711
1692
1710
1693
1709
1694
1708
1695
1707
1696
1706
1697
1705
1698
1704
1699
1703
1700
1702
1701
1702
1722
1703
1723
1704
1724
1705
1725
1706
1726
1707
1727
1708
1728
1709
1729
1710
1730
1711
1731
1712
1732
1713
1733
1714
1734
1715
1735
1716
1736
1717
1737
1718
1738
1719
1739
1720
1740
1721
1741
1742
1723
1743
1724
1744
1725
1745
1726
1746
1727
1747
1728
1748
1729
1749
1730
1750
1731
1751
1732
1752
1733
1753
1734
1754
1735
1755
1736
1756
1737
1757
1738
1758
1739
1759
1740
1760
1741
1761
1742
1762
1763
1744
1764
1745
1765
1746
1766
1747
1767
1748
1768
1749
1769
1750
1770
1751
1771
1752
1772
1753
1773
1754
1774
1755
1775
1756
1776
1757
1777
1758
1778
1759
1779
1760
1780
1761
1781
1762
1782
1763
1783
1784
1765
1785
1766
1786
1767
1787
1768
1788
1769
1789
1770
1790
1771
1791
1772
1792
1773
1793
1774
1794
1775
1795
1776
1796
1777
1797
1778
1798
1779
1799
1780
1800
1781
1801
1782
1802
1783
1803
1784
1804
1805
1786
1806
1787
1807
1788
1808
1789
1809
1790
1810
1791
1811
1792
1812
1793
1813
1794
1814
1795
1815
1796
1816
1797
1817
1798
1818
1799
1819
1800
1820
1801
1821
1802
1822
1803
1823
1804
1824
1805
1825
1826
1807
1828
1808
1829
1809
1830
1810
1831
1811
1832
1812
1833
1813
1834
1814
1835
1815
1836
1816
1837
1817
1838
1818
1839
1819
1840
1820
1841
1821
1842
1822
1843
1823
1844
1824
1845
1825
1846
1826
1847
1827
1847
1868
1829
1848
1830
1849
1831
1850
1832
1851
1833
1852
1834
1853
1835
1854
1836
1855
1837
1856
1838
1857
1839
1858
1840
1859
1841
1860
1842
1861
1843
1862
1844
1863
1845
1864
1846
1865
1847
1866
1867
1849
1869
1850
1870
1851
1871
1852
1872
1853
1873
1854
1874
1855
1875
1856
1876
1857
1877
1858
1878
1859
1879
1860
1880
1861
1881
1862
1882
1863
1883
1864
1884
1865
1885
1866
1886
1867
1887
1868
1888
1889
1870
1890
1871
1891
1872
1892
1873
1893
1874
1894
1875
1895
1876
1896
1877
1897
1878
1898
1879
1899
1880
1900
1881
1901
1882
1902
1883
1903
1884
1904
1885
1905
1886
1906
1887
1907
1888
1908
1889
1909
1910
1891
1911
1892
1912
1893
1913
1894
1914
1895
1915
1896
1916
1897
1917
1898
1918
1899
1919
1900
1920
1901
1921
1902
1922
1903
1923
1904
1924
1905
1925
1906
1926
1907
1927
1908
1928
1909
1929
1910
1930
1931
1912
1932
1913
1933
1914
1934
1915
1935
1916
1936
1917
1937
1918
1938
1919
1939
1920
1940
1921
1941
1922
1942
1923
1943
1924
1944
1925
1945
1926
1946
1927
1947
1928
1948
1929
1949
1930
1950
1931
1951
1952
1933
1953
1934
1954
1935
1955
1936
1956
1937
1957
1938
1958
1939
1959
1940
1960
1941
1961
1942
1962
1943
1963
1944
1964
1945
1965
1946
1966
1947
1967
1948
1968
1949
1969
1950
1970
1951
1971
1952
1972
1973
1954
1974
1955
1975
1956
1976
1957
1977
1958
1978
1959
1979
1960
1980
1961
1981
1962
1982
1963
1983
1964
1984
1965
1985
1966
1986
1967
1987
1968
1988
1969
1989
1970
1990
1971
1991
1972
1992
1973
1993
1994
1975
1995
1976
1996
1977
1997
1978
1998
1979
1999
1980
2000
1981
2001
1982
2002
1983
2003
1984
2004
1985
2005
1986
2006
1987
2007
1988
2008
1989
2009
1990
2010
1991
2011
1992
2012
1993
2013
1994
2014
2015
1996
2016
1997
2017
1998
2018
1999
2019
2000
2020
2001
2021
2002
2022
2003
2023
2004
2024
2005
2025
2006
2026
2007
2027
2008
2028
2009
2029
2010
2030
2011
2031
2012
2032
2013
2033
2014
2034
2015
2035
2036
2017
2037
2018
2054
2019
2055
2020
2056
2021
2057
2022
2058
2023
2059
2024
2060
2025
2061
2026
2062
2027
2063
2028
2064
2029
2065
2030
2066
2031
2067
2032
2068
2033
2069
2034
2070
2035
2071
2036
2072
2073
2038
2054
2039
2074
2040
2086
2041
2098
2042
2110
2043
2122
2044
2134
2045
2146
2046
2157
2047
2167
2048
2174
2049
2181
2050
2188
2051
2194
2052
2200
2053
2211
2219
2055
2074
2056
2075
2057
2076
2058
2077
2059
2078
2060
2079
2061
2080
2062
2081
2063
2082
2064
2083
2065
2084
2066
2085
2067
2250
2068
2251
2069
2252
2070
2254
2071
2258
2072
2269
2073
2270
2271
2075
2086
2076
2087
2077
2088
2078
2089
2079
2090
2080
2091
2081
2092
2082
2093
2083
2094
2084
2095
2085
2096
2097
2250
2087
2098
2088
2099
2089
2100
2090
2101
2091
2102
2092
2103
2093
2104
2094
2105
2095
2106
2096
2107
2097
2108
2109
2253
2099
2110
2100
2111
2101
2112
2102
2113
2103
2114
2104
2115
2105
2116
2106
2117
2107
2118
2108
2119
2109
2120
2121
2255
2111
2122
2112
2123
2113
2124
2114
2125
2115
2126
2116
2127
2117
2128
2118
2129
2119
2130
2120
2131
2121
2132
2133
2256
2123
2134
2124
2135
2125
2136
2126
2137
2127
2138
2128
2139
2129
2140
2130
2141
2131
2142
2132
2143
2133
2144
2145
2257
2135
2146
2136
2147
2137
2148
2138
2149
2139
2150
2140
2151
2141
2152
2142
2153
2143
2154
2144
2155
2145
2156
2230
2259
2147
2157
2148
2158
2149
2159
2150
2160
2151
2161
2152
2162
2153
2163
2154
2164
2155
2165
2156
2166
2230
2242
2158
2167
2159
2168
2160
2169
2161
2170
2162
2171
2163
2172
2164
2173
2165
2204
2166
2205
2206
2242
2168
2174
2169
2175
2170
2176
2171
2177
2172
2178
2173
2179
2180
2204
2175
2181
2176
2182
2177
2183
2178
2184
2179
2185
2180
2186
2187
2223
2182
2188
2183
2189
2184
2190
2185
2191
2186
2192
2187
2193
2228
2233
2189
2194
2190
2195
2191
2196
2192
2197
2193
2198
2199
2228
2195
2200
2196
2201
2197
2202
2198
2203
2199
2363
2229
2381
2201
2211
2202
2212
2203
2213
2214
2363
2205
2223
2206
2224
2225
2243
2208
2215
2209
2216
2210
2217
2218
2277
2212
2219
2213
2220
2214
2221
2222
2364
2216
2238
2217
2239
2218
2240
2241
2276
2220
2221
2222
2365
2224
2233
2225
2234
2235
2244
2231
2272
2236
2229
2287
2370
2390
2246
2264
2232
2273
2241
2274
2234
2287
2235
2288
2245
2289
2237
2238
2239
2240
2241
2275
2243
2246
2244
2247
2245
2248
2249
2290
2247
2292
2248
2359
2249
2360
2291
2361
2251
2253
2252
2254
2255
2258
2256
2257
2259
2269
2260
2264
2261
2265
2262
2266
2263
2267
2268
2316
2265
2292
2266
2293
2267
2294
2268
2295
2296
2317
2270
2313
2271
2311
2286
2273
2297
2274
2298
2275
2299
2276
2300
2277
2301
2278
2302
2279
2303
2280
2304
2281
2305
2282
2306
2283
2307
2284
2308
2285
2309
2286
2310
2311
2288
2370
2289
2371
2290
2372
2291
2373
2362
2374
2293
2359
2294
2351
2295
2343
2296
2335
2318
2327
2298
2326
2299
2325
2300
2324
2301
2323
2302
2322
2303
2321
2304
2320
2305
2319
2306
2318
2307
2317
2308
2316
2309
2315
2310
2314
2311
2312
2313
2313
2314
2315
2316
2317
2318
2319
2320
2327
2321
2328
2322
2329
2323
2330
2324
2331
2325
2332
2326
2333
2334
2328
2335
2329
2336
2330
2337
2331
2338
2332
2339
2333
2340
2334
2341
2342
2336
2343
2337
2344
2338
2345
2339
2346
2340
2347
2341
2348
2342
2349
2350
2344
2351
2345
2352
2346
2353
2347
2354
2348
2355
2349
2356
2350
2357
2358
2352
2359
2353
2360
2354
2361
2355
2362
2356
2369
2357
2368
2358
2367
2366
2360
2361
2362
2369
2364
2381
2365
2382
2383
2367
2377
2368
2376
2369
2375
2374
2371
2393
2372
2387
2373
2386
2374
2380
2375
2376
2380
2377
2379
2378
2379
2384
2380
2385
2386
2382
2390
2383
2391
2392
2385
2389
2386
2388
2387
2388
2393
2389
2395
2394
2391
2393
2392
2395
2394
2395
2395
)

// ************************************************************************* // 
