/*---------------------------------------------------------------------------*\
|       OpenFoam mesh file generated using HyperMesh Version: 2019.1.0.20     |
\*---------------------------------------------------------------------------*/
FoamFile
{
    version     2.0;
    format      ascii;
    class       labelList;
    note        "nPoints: 19584 nCells: 9584 nFaces: 38544 nInternalFaces: 18960";
    location    "constant/polyMesh";
    object      neighbour;
}
// * * * * * * * * * * * * * * * * * * * * * * * * * * * * * * * * * * * * * //

18960
(
1
2
246
780
3
247
3
781
5
6
624
630
7
631
7
625
9
10
392
398
11
399
11
393
13
14
18
776
15
19
15
777
17
18
22
1125
19
23
19
1127
21
22
26
1229
23
27
23
1231
25
26
30
1233
27
31
27
1235
29
30
34
1237
31
35
31
1239
33
34
38
1241
35
39
35
1243
37
38
42
1245
39
43
39
1247
41
42
46
1249
43
47
43
1251
45
46
50
1253
47
51
47
1255
49
50
54
1257
51
55
51
1259
53
54
58
1261
55
59
55
1263
57
58
62
1265
59
63
59
1267
61
62
66
1269
63
67
63
1271
65
66
70
1273
67
71
67
1275
69
70
74
1277
71
75
71
1279
73
74
78
1281
75
79
75
1283
77
78
82
1285
79
83
79
1287
81
82
86
1289
83
87
83
1291
85
86
90
1293
87
91
87
1295
89
90
94
1297
91
95
91
1299
93
94
98
1301
95
99
95
1303
97
98
102
1305
99
103
99
1307
101
102
106
1309
103
107
103
1311
105
106
110
1313
107
111
107
1315
109
110
114
1317
111
115
111
1319
113
114
118
1321
115
119
115
1323
117
118
122
1325
119
123
119
1327
121
122
126
1329
123
127
123
1331
125
126
130
1333
127
131
127
1335
129
130
134
1337
131
135
131
1339
133
134
138
1341
135
139
135
1343
137
138
142
1345
139
143
139
1347
141
142
146
1349
143
147
143
1351
145
146
150
1353
147
151
147
1355
149
150
154
1357
151
155
151
1359
153
154
158
1361
155
159
155
1363
157
158
162
1365
159
163
159
1367
161
162
166
1369
163
167
163
1371
165
166
170
1373
167
171
167
1375
169
170
174
1377
171
175
171
1379
173
174
178
1381
175
179
175
1383
177
178
182
1385
179
183
179
1387
181
182
186
1389
183
187
183
1391
185
186
190
1393
187
191
187
1395
189
190
194
1397
191
195
191
1399
193
194
198
1401
195
199
195
1403
197
198
202
1405
199
203
199
1407
201
202
206
1409
203
207
203
1411
205
206
210
1413
207
211
207
1415
209
210
214
1417
211
215
211
1419
213
214
218
1421
215
219
215
1423
217
218
222
1425
219
223
219
1427
221
222
226
1429
223
227
223
1431
225
226
230
1433
227
231
227
1435
229
230
234
1437
231
235
231
1439
233
234
238
4494
235
239
235
4492
237
238
242
4491
239
243
239
4490
241
242
782
3207
243
783
243
3206
245
246
250
3193
247
251
247
3195
249
250
254
3191
251
255
251
3190
253
254
258
3187
255
259
255
3186
257
258
262
3131
259
263
259
3130
261
262
266
3075
263
267
263
3074
265
266
270
3019
267
271
267
3018
269
270
274
2963
271
275
271
2962
273
274
278
2907
275
279
275
2906
277
278
282
2851
279
283
279
2850
281
282
286
2795
283
287
283
2794
285
286
290
2739
287
291
287
2738
289
290
294
2683
291
295
291
2682
293
294
298
2351
295
299
295
2350
297
298
302
2307
299
303
299
2306
301
302
306
2263
303
307
303
2262
305
306
310
2139
307
311
307
2138
309
310
314
2099
311
315
311
2098
313
314
318
2059
315
319
315
2058
317
318
322
1859
319
323
319
1858
321
322
326
1763
323
327
323
1762
325
326
330
1735
327
331
327
1734
329
330
334
1655
331
335
331
1654
333
334
338
1631
335
339
335
1630
337
338
342
1595
339
343
339
1594
341
342
346
1571
343
347
343
1570
345
346
350
1547
347
351
347
1546
349
350
354
1523
351
355
351
1522
353
354
358
1463
355
359
355
1462
357
358
362
1443
359
363
359
1442
361
362
366
1211
363
367
363
1210
365
366
370
1191
367
371
367
1190
369
370
374
1171
371
375
371
1170
373
374
378
1115
375
379
375
1114
377
378
382
891
379
383
379
890
381
382
386
883
383
387
383
882
385
386
390
859
387
391
387
858
389
390
394
851
391
395
391
850
393
394
843
395
395
842
397
398
402
841
399
403
399
843
401
402
406
845
403
407
403
847
405
406
410
865
407
411
407
867
409
410
414
869
411
415
411
871
413
414
418
993
415
419
415
995
417
418
422
997
419
423
419
999
421
422
426
1001
423
427
423
1003
425
426
430
1005
427
431
427
1007
429
430
434
1009
431
435
431
1011
433
434
438
1013
435
439
435
1015
437
438
442
1017
439
443
439
1019
441
442
446
1021
443
447
443
1023
445
446
450
1025
447
451
447
1027
449
450
454
1029
451
455
451
1031
453
454
458
1109
455
459
455
1111
457
458
462
1107
459
463
459
1106
461
462
466
1103
463
467
463
1102
465
466
470
1099
467
471
467
1098
469
470
474
1095
471
475
471
1094
473
474
478
1091
475
479
475
1090
477
478
482
1087
479
483
479
1086
481
482
486
1083
483
487
483
1082
485
486
490
1079
487
491
487
1078
489
490
494
1075
491
495
491
1074
493
494
498
1071
495
499
495
1070
497
498
502
1067
499
503
499
1066
501
502
506
1063
503
507
503
1062
505
506
510
1059
507
511
507
1058
509
510
514
1055
511
515
511
1054
513
514
518
1051
515
519
515
1050
517
518
522
1047
519
523
519
1046
521
522
526
1043
523
527
523
1042
525
526
530
1039
527
531
527
1038
529
530
534
1035
531
535
531
1034
533
534
538
991
535
539
535
990
537
538
542
987
539
543
539
986
541
542
546
983
543
547
543
982
545
546
550
979
547
551
547
978
549
550
554
975
551
555
551
974
553
554
558
971
555
559
555
970
557
558
562
967
559
563
559
966
561
562
566
963
563
567
563
962
565
566
570
959
567
571
567
958
569
570
574
955
571
575
571
954
573
574
578
951
575
579
575
950
577
578
582
947
579
583
579
946
581
582
586
943
583
587
583
942
585
586
590
939
587
591
587
938
589
590
594
935
591
595
591
934
593
594
598
931
595
599
595
930
597
598
602
927
599
603
599
926
601
602
606
923
603
607
603
922
605
606
610
919
607
611
607
918
609
610
614
915
611
615
611
914
613
614
618
911
615
619
615
910
617
618
622
907
619
623
619
906
621
622
626
839
623
627
623
838
625
626
835
627
627
834
629
630
634
833
631
635
631
835
633
634
638
3957
635
639
635
3959
637
638
642
3955
639
643
639
3954
641
642
646
3951
643
647
643
3950
645
646
650
3947
647
651
647
3946
649
650
654
3943
651
655
651
3942
653
654
658
3939
655
659
655
3938
657
658
662
3935
659
663
659
3934
661
662
666
3931
663
667
663
3930
665
666
670
3927
667
671
667
3926
669
670
674
3923
671
675
671
3922
673
674
678
3919
675
679
675
3918
677
678
682
3915
679
683
679
3914
681
682
686
3911
683
687
683
3910
685
686
690
3907
687
691
687
3906
689
690
694
3903
691
695
691
3902
693
694
698
3899
695
699
695
3898
697
698
702
3895
699
703
699
3894
701
702
706
3891
703
707
703
3890
705
706
710
3887
707
711
707
3886
709
710
714
3883
711
715
711
3882
713
714
718
3879
715
719
715
3878
717
718
722
3875
719
723
719
3874
721
722
726
3871
723
727
723
3870
725
726
730
3867
727
731
727
3866
729
730
734
3863
731
735
731
3862
733
734
738
3859
735
739
735
3858
737
738
742
3855
739
743
739
3854
741
742
746
3851
743
747
743
3850
745
746
750
3847
747
751
747
3846
749
750
754
3843
751
755
751
3842
753
754
758
3839
755
759
755
3838
757
758
762
3835
759
763
759
3834
761
762
766
3831
763
767
763
3830
765
766
770
3655
767
771
767
3654
769
770
774
3415
771
775
771
3414
773
774
778
3211
775
779
775
3210
777
778
1127
779
779
1126
781
782
3195
783
783
3194
785
786
813
9050
787
790
9051
787
815
791
789
790
818
9047
791
819
791
9046
793
794
829
9009
795
798
9008
795
831
799
797
798
810
9016
799
811
799
9017
801
802
809
9249
803
806
9248
803
811
807
805
806
814
9256
807
815
807
9257
809
810
9032
9253
811
9252
811
9033
813
814
9054
9260
815
9055
815
9261
817
818
9030
9043
819
822
9031
819
9042
823
821
822
826
9027
823
827
823
9026
825
826
830
9023
827
831
827
9022
829
830
9005
9015
831
9004
831
9014
833
834
837
3958
835
3959
835
839
837
838
905
4426
839
4427
839
907
841
842
846
849
843
847
843
851
845
846
853
866
847
867
847
855
849
850
854
857
851
855
851
859
853
854
861
874
855
875
855
863
857
858
862
881
859
863
859
883
861
862
878
885
863
879
863
887
865
866
870
873
867
871
867
875
869
870
994
1129
871
995
871
1131
873
874
877
1130
875
1131
875
879
877
878
897
1134
879
1135
879
899
881
882
886
889
883
887
883
891
885
886
893
898
887
899
887
895
889
890
894
1113
891
895
891
1115
893
894
902
1117
895
903
895
1119
897
898
901
1138
899
1139
899
903
901
902
1121
1142
903
1143
903
1123
905
906
909
4430
907
4431
907
911
909
910
913
4434
911
4435
911
915
913
914
917
4442
915
4443
915
919
917
918
921
4446
919
4447
919
923
921
922
925
4450
923
4451
923
927
925
926
929
4454
927
4455
927
931
929
930
933
4458
931
4459
931
935
933
934
937
4462
935
4463
935
939
937
938
941
4466
939
4467
939
943
941
942
945
4470
943
4471
943
947
945
946
949
4474
947
4475
947
951
949
950
953
4478
951
4479
951
955
953
954
957
3650
955
3651
955
959
957
958
961
4498
959
4499
959
963
961
962
965
4502
963
4503
963
967
965
966
969
4506
967
4507
967
971
969
970
973
4510
971
4511
971
975
973
974
977
4514
975
4515
975
979
977
978
981
4518
979
4519
979
983
981
982
985
4522
983
4523
983
987
985
986
989
4526
987
4527
987
991
989
990
1033
4530
991
4531
991
1035
993
994
998
1149
995
999
995
1151
997
998
1002
1481
999
1003
999
1483
1001
1002
1006
1617
1003
1007
1003
1619
1005
1006
1010
1625
1007
1011
1007
1627
1009
1010
1014
1889
1011
1015
1011
1891
1013
1014
1018
1965
1015
1019
1015
1967
1017
1018
1022
1969
1019
1023
1019
1971
1021
1022
1026
1973
1023
1027
1023
1975
1025
1026
1030
1977
1027
1031
1027
1979
1029
1030
1110
1981
1031
1111
1031
1983
1033
1034
1037
4534
1035
4535
1035
1039
1037
1038
1041
4538
1039
4539
1039
1043
1041
1042
1045
4542
1043
4543
1043
1047
1045
1046
1049
4546
1047
4547
1047
1051
1049
1050
1053
4550
1051
4551
1051
1055
1053
1054
1057
4554
1055
4555
1055
1059
1057
1058
1061
4558
1059
4559
1059
1063
1061
1062
1065
4562
1063
4563
1063
1067
1065
1066
1069
4566
1067
4567
1067
1071
1069
1070
1073
4570
1071
4571
1071
1075
1073
1074
1077
4574
1075
4575
1075
1079
1077
1078
1081
4578
1079
4579
1079
1083
1081
1082
1085
4582
1083
4583
1083
1087
1085
1086
1089
4586
1087
4587
1087
1091
1089
1090
1093
4590
1091
4591
1091
1095
1093
1094
1097
4594
1095
4595
1095
1099
1097
1098
1101
4598
1099
4599
1099
1103
1101
1102
1105
4602
1103
4603
1103
1107
1105
1106
1108
4606
1107
4607
1107
1109
1109
1110
4609
1111
1111
4611
1113
1114
1118
1169
1115
1119
1115
1171
1117
1118
1122
1173
1119
1123
1119
1175
1121
1122
1146
1177
1123
1147
1123
1179
1125
1126
1230
3209
1127
1231
1127
3211
1129
1130
1133
1150
1131
1151
1131
1135
1133
1134
1137
1154
1135
1155
1135
1139
1137
1138
1141
1158
1139
1159
1139
1143
1141
1142
1145
1162
1143
1163
1143
1147
1145
1146
1166
1181
1147
1167
1147
1183
1149
1150
1153
1482
1151
1483
1151
1155
1153
1154
1157
1486
1155
1487
1155
1159
1157
1158
1161
1490
1159
1491
1159
1163
1161
1162
1165
1494
1163
1495
1163
1167
1165
1166
1185
1498
1167
1499
1167
1187
1169
1170
1174
1189
1171
1175
1171
1191
1173
1174
1178
1193
1175
1179
1175
1195
1177
1178
1182
1197
1179
1183
1179
1199
1181
1182
1186
1201
1183
1187
1183
1203
1185
1186
1205
1502
1187
1503
1187
1207
1189
1190
1194
1209
1191
1195
1191
1211
1193
1194
1198
1213
1195
1199
1195
1215
1197
1198
1202
1217
1199
1203
1199
1219
1201
1202
1206
1221
1203
1207
1203
1223
1205
1206
1225
1506
1207
1507
1207
1227
1209
1210
1214
1441
1211
1215
1211
1443
1213
1214
1218
1445
1215
1219
1215
1447
1217
1218
1222
1449
1219
1223
1219
1451
1221
1222
1226
1453
1223
1227
1223
1455
1225
1226
1457
1510
1227
1511
1227
1459
1229
1230
1234
3213
1231
1235
1231
3215
1233
1234
1238
3217
1235
1239
1235
3219
1237
1238
1242
3221
1239
1243
1239
3223
1241
1242
1246
3225
1243
1247
1243
3227
1245
1246
1250
3229
1247
1251
1247
3231
1249
1250
1254
3233
1251
1255
1251
3235
1253
1254
1258
3237
1255
1259
1255
3239
1257
1258
1262
3241
1259
1263
1259
3243
1261
1262
1266
3245
1263
1267
1263
3247
1265
1266
1270
3249
1267
1271
1267
3251
1269
1270
1274
3253
1271
1275
1271
3255
1273
1274
1278
3257
1275
1279
1275
3259
1277
1278
1282
3261
1279
1283
1279
3263
1281
1282
1286
3265
1283
1287
1283
3267
1285
1286
1290
3269
1287
1291
1287
3271
1289
1290
1294
3273
1291
1295
1291
3275
1293
1294
1298
3277
1295
1299
1295
3279
1297
1298
1302
3281
1299
1303
1299
3283
1301
1302
1306
3285
1303
1307
1303
3287
1305
1306
1310
3289
1307
1311
1307
3291
1309
1310
1314
3293
1311
1315
1311
3295
1313
1314
1318
3297
1315
1319
1315
3299
1317
1318
1322
3301
1319
1323
1319
3303
1321
1322
1326
3305
1323
1327
1323
3307
1325
1326
1330
3309
1327
1331
1327
3311
1329
1330
1334
3313
1331
1335
1331
3315
1333
1334
1338
3317
1335
1339
1335
3319
1337
1338
1342
3321
1339
1343
1339
3323
1341
1342
1346
3325
1343
1347
1343
3327
1345
1346
1350
3329
1347
1351
1347
3331
1349
1350
1354
3333
1351
1355
1351
3335
1353
1354
1358
3337
1355
1359
1355
3339
1357
1358
1362
3341
1359
1363
1359
3343
1361
1362
1366
3345
1363
1367
1363
3347
1365
1366
1370
3349
1367
1371
1367
3351
1369
1370
1374
3353
1371
1375
1371
3355
1373
1374
1378
3357
1375
1379
1375
3359
1377
1378
1382
3361
1379
1383
1379
3363
1381
1382
1386
3365
1383
1387
1383
3367
1385
1386
1390
3369
1387
1391
1387
3371
1389
1390
1394
3373
1391
1395
1391
3375
1393
1394
1398
3377
1395
1399
1395
3379
1397
1398
1402
3381
1399
1403
1399
3383
1401
1402
1406
3385
1403
1407
1403
3387
1405
1406
1410
3389
1407
1411
1407
3391
1409
1410
1414
3393
1411
1415
1411
3395
1413
1414
1418
3397
1415
1419
1415
3399
1417
1418
1422
3401
1419
1423
1419
3403
1421
1422
1426
3405
1423
1427
1423
3407
1425
1426
1430
3409
1427
1431
1427
3411
1429
1430
1434
3457
1431
1435
1431
3459
1433
1434
1438
3461
1435
1439
1435
3463
1437
1438
3636
4493
1439
4492
1439
3637
1441
1442
1446
1461
1443
1447
1443
1463
1445
1446
1450
1465
1447
1451
1447
1467
1449
1450
1454
1469
1451
1455
1451
1471
1453
1454
1458
1473
1455
1459
1455
1475
1457
1458
1477
1514
1459
1515
1459
1479
1461
1462
1466
1521
1463
1467
1463
1523
1465
1466
1470
1525
1467
1471
1467
1527
1469
1470
1474
1529
1471
1475
1471
1531
1473
1474
1478
1533
1475
1479
1475
1535
1477
1478
1518
1537
1479
1519
1479
1539
1481
1482
1485
1618
1483
1619
1483
1487
1485
1486
1489
1622
1487
1623
1487
1491
1489
1490
1493
1678
1491
1679
1491
1495
1493
1494
1497
1682
1495
1683
1495
1499
1497
1498
1501
1686
1499
1687
1499
1503
1501
1502
1505
1690
1503
1691
1503
1507
1505
1506
1509
1694
1507
1695
1507
1511
1509
1510
1513
1698
1511
1699
1511
1515
1513
1514
1517
1702
1515
1703
1515
1519
1517
1518
1541
1706
1519
1707
1519
1543
1521
1522
1526
1545
1523
1527
1523
1547
1525
1526
1530
1549
1527
1531
1527
1551
1529
1530
1534
1553
1531
1535
1531
1555
1533
1534
1538
1557
1535
1539
1535
1559
1537
1538
1542
1561
1539
1543
1539
1563
1541
1542
1565
1710
1543
1711
1543
1567
1545
1546
1550
1569
1547
1551
1547
1571
1549
1550
1554
1573
1551
1555
1551
1575
1553
1554
1558
1577
1555
1559
1555
1579
1557
1558
1562
1581
1559
1563
1559
1583
1561
1562
1566
1585
1563
1567
1563
1587
1565
1566
1589
1714
1567
1715
1567
1591
1569
1570
1574
1593
1571
1575
1571
1595
1573
1574
1578
1597
1575
1579
1575
1599
1577
1578
1582
1601
1579
1583
1579
1603
1581
1582
1586
1605
1583
1587
1583
1607
1585
1586
1590
1609
1587
1591
1587
1611
1589
1590
1613
1718
1591
1719
1591
1615
1593
1594
1598
1629
1595
1599
1595
1631
1597
1598
1602
1633
1599
1603
1599
1635
1601
1602
1606
1637
1603
1607
1603
1639
1605
1606
1610
1641
1607
1611
1607
1643
1609
1610
1614
1645
1611
1615
1611
1647
1613
1614
1649
1722
1615
1723
1615
1651
1617
1618
1621
1626
1619
1627
1619
1623
1621
1622
1677
1790
1623
1791
1623
1679
1625
1626
1789
1890
1627
1891
1627
1791
1629
1630
1634
1653
1631
1635
1631
1655
1633
1634
1638
1657
1635
1639
1635
1659
1637
1638
1642
1661
1639
1643
1639
1663
1641
1642
1646
1665
1643
1647
1643
1667
1645
1646
1650
1669
1647
1651
1647
1671
1649
1650
1673
1726
1651
1727
1651
1675
1653
1654
1658
1733
1655
1659
1655
1735
1657
1658
1662
1737
1659
1663
1659
1739
1661
1662
1666
1741
1663
1667
1663
1743
1665
1666
1670
1745
1667
1671
1667
1747
1669
1670
1674
1749
1671
1675
1671
1751
1673
1674
1730
1753
1675
1731
1675
1755
1677
1678
1681
1794
1679
1795
1679
1683
1681
1682
1685
1798
1683
1799
1683
1687
1685
1686
1689
1802
1687
1803
1687
1691
1689
1690
1693
1806
1691
1807
1691
1695
1693
1694
1697
1810
1695
1811
1695
1699
1697
1698
1701
1814
1699
1815
1699
1703
1701
1702
1705
1818
1703
1819
1703
1707
1705
1706
1709
1822
1707
1823
1707
1711
1709
1710
1713
1826
1711
1827
1711
1715
1713
1714
1717
1830
1715
1831
1715
1719
1717
1718
1721
1834
1719
1835
1719
1723
1721
1722
1725
1838
1723
1839
1723
1727
1725
1726
1729
1842
1727
1843
1727
1731
1729
1730
1757
1846
1731
1847
1731
1759
1733
1734
1738
1761
1735
1739
1735
1763
1737
1738
1742
1765
1739
1743
1739
1767
1741
1742
1746
1769
1743
1747
1743
1771
1745
1746
1750
1773
1747
1751
1747
1775
1749
1750
1754
1777
1751
1755
1751
1779
1753
1754
1758
1781
1755
1759
1755
1783
1757
1758
1785
1850
1759
1851
1759
1787
1761
1762
1766
1857
1763
1767
1763
1859
1765
1766
1770
1861
1767
1771
1767
1863
1769
1770
1774
1865
1771
1775
1771
1867
1773
1774
1778
1869
1775
1779
1775
1871
1777
1778
1782
1873
1779
1783
1779
1875
1781
1782
1786
1877
1783
1787
1783
1879
1785
1786
1854
1881
1787
1855
1787
1883
1789
1790
1793
1894
1791
1895
1791
1795
1793
1794
1797
1898
1795
1899
1795
1799
1797
1798
1801
1902
1799
1903
1799
1803
1801
1802
1805
1906
1803
1907
1803
1807
1805
1806
1809
1910
1807
1911
1807
1811
1809
1810
1813
1914
1811
1915
1811
1815
1813
1814
1817
1918
1815
1919
1815
1819
1817
1818
1821
1922
1819
1923
1819
1823
1821
1822
1825
1926
1823
1927
1823
1827
1825
1826
1829
1930
1827
1931
1827
1831
1829
1830
1833
1934
1831
1935
1831
1835
1833
1834
1837
1938
1835
1939
1835
1839
1837
1838
1841
1942
1839
1943
1839
1843
1841
1842
1845
1946
1843
1947
1843
1847
1845
1846
1849
1950
1847
1951
1847
1851
1849
1850
1853
1954
1851
1955
1851
1855
1853
1854
1885
1958
1855
1959
1855
1887
1857
1858
1862
2057
1859
1863
1859
2059
1861
1862
1866
2061
1863
1867
1863
2063
1865
1866
1870
2065
1867
1871
1867
2067
1869
1870
1874
2069
1871
1875
1871
2071
1873
1874
1878
2073
1875
1879
1875
2075
1877
1878
1882
2077
1879
1883
1879
2079
1881
1882
1886
2081
1883
1887
1883
2083
1885
1886
1962
2085
1887
1963
1887
2087
1889
1890
1893
1966
1891
1967
1891
1895
1893
1894
1897
1986
1895
1987
1895
1899
1897
1898
1901
1990
1899
1991
1899
1903
1901
1902
1905
1994
1903
1995
1903
1907
1905
1906
1909
1998
1907
1999
1907
1911
1909
1910
1913
2002
1911
2003
1911
1915
1913
1914
1917
2006
1915
2007
1915
1919
1917
1918
1921
2010
1919
2011
1919
1923
1921
1922
1925
2014
1923
2015
1923
1927
1925
1926
1929
2018
1927
2019
1927
1931
1929
1930
1933
2022
1931
2023
1931
1935
1933
1934
1937
2026
1935
2027
1935
1939
1937
1938
1941
2030
1939
2031
1939
1943
1941
1942
1945
2034
1943
2035
1943
1947
1945
1946
1949
2038
1947
2039
1947
1951
1949
1950
1953
2042
1951
2043
1951
1955
1953
1954
1957
2046
1955
2047
1955
1959
1957
1958
1961
2050
1959
2051
1959
1963
1961
1962
2054
2089
1963
2055
1963
2091
1965
1966
1970
1985
1967
1971
1967
1987
1969
1970
1974
2177
1971
1975
1971
2179
1973
1974
1978
2393
1975
1979
1975
2395
1977
1978
1982
2489
1979
1983
1979
2491
1981
1982
2585
4610
1983
4611
1983
2587
1985
1986
1989
2178
1987
2179
1987
1991
1989
1990
1993
2182
1991
2183
1991
1995
1993
1994
1997
2186
1995
2187
1995
1999
1997
1998
2001
2190
1999
2191
1999
2003
2001
2002
2005
2194
2003
2195
2003
2007
2005
2006
2009
2198
2007
2199
2007
2011
2009
2010
2013
2202
2011
2203
2011
2015
2013
2014
2017
2206
2015
2207
2015
2019
2017
2018
2021
2210
2019
2211
2019
2023
2021
2022
2025
2214
2023
2215
2023
2027
2025
2026
2029
2218
2027
2219
2027
2031
2029
2030
2033
2222
2031
2223
2031
2035
2033
2034
2037
2226
2035
2227
2035
2039
2037
2038
2041
2230
2039
2231
2039
2043
2041
2042
2045
2234
2043
2235
2043
2047
2045
2046
2049
2238
2047
2239
2047
2051
2049
2050
2053
2242
2051
2243
2051
2055
2053
2054
2093
2246
2055
2247
2055
2095
2057
2058
2062
2097
2059
2063
2059
2099
2061
2062
2066
2101
2063
2067
2063
2103
2065
2066
2070
2105
2067
2071
2067
2107
2069
2070
2074
2109
2071
2075
2071
2111
2073
2074
2078
2113
2075
2079
2075
2115
2077
2078
2082
2117
2079
2083
2079
2119
2081
2082
2086
2121
2083
2087
2083
2123
2085
2086
2090
2125
2087
2091
2087
2127
2089
2090
2094
2129
2091
2095
2091
2131
2093
2094
2133
2250
2095
2251
2095
2135
2097
2098
2102
2137
2099
2103
2099
2139
2101
2102
2106
2141
2103
2107
2103
2143
2105
2106
2110
2145
2107
2111
2107
2147
2109
2110
2114
2149
2111
2115
2111
2151
2113
2114
2118
2153
2115
2119
2115
2155
2117
2118
2122
2157
2119
2123
2119
2159
2121
2122
2126
2161
2123
2127
2123
2163
2125
2126
2130
2165
2127
2131
2127
2167
2129
2130
2134
2169
2131
2135
2131
2171
2133
2134
2173
2254
2135
2255
2135
2175
2137
2138
2142
2261
2139
2143
2139
2263
2141
2142
2146
2265
2143
2147
2143
2267
2145
2146
2150
2269
2147
2151
2147
2271
2149
2150
2154
2273
2151
2155
2151
2275
2153
2154
2158
2277
2155
2159
2155
2279
2157
2158
2162
2281
2159
2163
2159
2283
2161
2162
2166
2285
2163
2167
2163
2287
2165
2166
2170
2289
2167
2171
2167
2291
2169
2170
2174
2293
2171
2175
2171
2295
2173
2174
2258
2297
2175
2259
2175
2299
2177
2178
2181
2394
2179
2395
2179
2183
2181
2182
2185
2398
2183
2399
2183
2187
2185
2186
2189
2402
2187
2403
2187
2191
2189
2190
2193
2406
2191
2407
2191
2195
2193
2194
2197
2410
2195
2411
2195
2199
2197
2198
2201
2414
2199
2415
2199
2203
2201
2202
2205
2418
2203
2419
2203
2207
2205
2206
2209
2422
2207
2423
2207
2211
2209
2210
2213
2426
2211
2427
2211
2215
2213
2214
2217
2430
2215
2431
2215
2219
2217
2218
2221
2434
2219
2435
2219
2223
2221
2222
2225
2438
2223
2439
2223
2227
2225
2226
2229
2442
2227
2443
2227
2231
2229
2230
2233
2446
2231
2447
2231
2235
2233
2234
2237
2450
2235
2451
2235
2239
2237
2238
2241
2454
2239
2455
2239
2243
2241
2242
2245
2458
2243
2459
2243
2247
2245
2246
2249
2462
2247
2463
2247
2251
2249
2250
2253
2466
2251
2467
2251
2255
2253
2254
2257
2470
2255
2471
2255
2259
2257
2258
2301
2474
2259
2475
2259
2303
2261
2262
2266
2305
2263
2267
2263
2307
2265
2266
2270
2309
2267
2271
2267
2311
2269
2270
2274
2313
2271
2275
2271
2315
2273
2274
2278
2317
2275
2279
2275
2319
2277
2278
2282
2321
2279
2283
2279
2323
2281
2282
2286
2325
2283
2287
2283
2327
2285
2286
2290
2329
2287
2291
2287
2331
2289
2290
2294
2333
2291
2295
2291
2335
2293
2294
2298
2337
2295
2299
2295
2339
2297
2298
2302
2341
2299
2303
2299
2343
2301
2302
2345
2478
2303
2479
2303
2347
2305
2306
2310
2349
2307
2311
2307
2351
2309
2310
2314
2353
2311
2315
2311
2355
2313
2314
2318
2357
2315
2319
2315
2359
2317
2318
2322
2361
2319
2323
2319
2363
2321
2322
2326
2365
2323
2327
2323
2367
2325
2326
2330
2369
2327
2331
2327
2371
2329
2330
2334
2373
2331
2335
2331
2375
2333
2334
2338
2377
2335
2339
2335
2379
2337
2338
2342
2381
2339
2343
2339
2383
2341
2342
2346
2385
2343
2347
2343
2387
2345
2346
2389
2482
2347
2483
2347
2391
2349
2350
2354
2681
2351
2355
2351
2683
2353
2354
2358
2685
2355
2359
2355
2687
2357
2358
2362
2689
2359
2363
2359
2691
2361
2362
2366
2693
2363
2367
2363
2695
2365
2366
2370
2697
2367
2371
2367
2699
2369
2370
2374
2701
2371
2375
2371
2703
2373
2374
2378
2705
2375
2379
2375
2707
2377
2378
2382
2709
2379
2383
2379
2711
2381
2382
2386
2713
2383
2387
2383
2715
2385
2386
2390
2717
2387
2391
2387
2719
2389
2390
2486
2721
2391
2487
2391
2723
2393
2394
2397
2490
2395
2491
2395
2399
2397
2398
2401
2494
2399
2495
2399
2403
2401
2402
2405
2498
2403
2499
2403
2407
2405
2406
2409
2502
2407
2503
2407
2411
2409
2410
2413
2506
2411
2507
2411
2415
2413
2414
2417
2510
2415
2511
2415
2419
2417
2418
2421
2514
2419
2515
2419
2423
2421
2422
2425
2518
2423
2519
2423
2427
2425
2426
2429
2522
2427
2523
2427
2431
2429
2430
2433
2526
2431
2527
2431
2435
2433
2434
2437
2530
2435
2531
2435
2439
2437
2438
2441
2534
2439
2535
2439
2443
2441
2442
2445
2538
2443
2539
2443
2447
2445
2446
2449
2542
2447
2543
2447
2451
2449
2450
2453
2546
2451
2547
2451
2455
2453
2454
2457
2550
2455
2551
2455
2459
2457
2458
2461
2554
2459
2555
2459
2463
2461
2462
2465
2558
2463
2559
2463
2467
2465
2466
2469
2562
2467
2563
2467
2471
2469
2470
2473
2566
2471
2567
2471
2475
2473
2474
2477
2570
2475
2571
2475
2479
2477
2478
2481
2574
2479
2575
2479
2483
2481
2482
2485
2578
2483
2579
2483
2487
2485
2486
2582
2725
2487
2583
2487
2727
2489
2490
2493
2586
2491
2587
2491
2495
2493
2494
2497
2590
2495
2591
2495
2499
2497
2498
2501
2594
2499
2595
2499
2503
2501
2502
2505
2598
2503
2599
2503
2507
2505
2506
2509
2602
2507
2603
2507
2511
2509
2510
2513
2606
2511
2607
2511
2515
2513
2514
2517
2610
2515
2611
2515
2519
2517
2518
2521
2614
2519
2615
2519
2523
2521
2522
2525
2618
2523
2619
2523
2527
2525
2526
2529
2622
2527
2623
2527
2531
2529
2530
2533
2626
2531
2627
2531
2535
2533
2534
2537
2630
2535
2631
2535
2539
2537
2538
2541
2634
2539
2635
2539
2543
2541
2542
2545
2638
2543
2639
2543
2547
2545
2546
2549
2642
2547
2643
2547
2551
2549
2550
2553
2646
2551
2647
2551
2555
2553
2554
2557
2650
2555
2651
2555
2559
2557
2558
2561
2654
2559
2655
2559
2563
2561
2562
2565
2658
2563
2659
2563
2567
2565
2566
2569
2662
2567
2663
2567
2571
2569
2570
2573
2666
2571
2667
2571
2575
2573
2574
2577
2670
2575
2671
2575
2579
2577
2578
2581
2674
2579
2675
2579
2583
2581
2582
2678
2729
2583
2679
2583
2731
2585
2586
2589
6190
2587
6191
2587
2591
2589
2590
2593
6194
2591
6195
2591
2595
2593
2594
2597
6198
2595
6199
2595
2599
2597
2598
2601
6202
2599
6203
2599
2603
2601
2602
2605
6206
2603
6207
2603
2607
2605
2606
2609
6274
2607
6275
2607
2611
2609
2610
2613
6278
2611
6279
2611
2615
2613
2614
2617
6282
2615
6283
2615
2619
2617
2618
2621
6286
2619
6287
2619
2623
2621
2622
2625
6290
2623
6291
2623
2627
2625
2626
2629
6294
2627
6295
2627
2631
2629
2630
2633
6298
2631
6299
2631
2635
2633
2634
2637
6302
2635
6303
2635
2639
2637
2638
2641
6306
2639
6307
2639
2643
2641
2642
2645
6310
2643
6311
2643
2647
2645
2646
2649
6314
2647
6315
2647
2651
2649
2650
2653
6318
2651
6319
2651
2655
2653
2654
2657
6322
2655
6323
2655
2659
2657
2658
2661
6326
2659
6327
2659
2663
2661
2662
2665
6330
2663
6331
2663
2667
2665
2666
2669
6334
2667
6335
2667
2671
2669
2670
2673
6338
2671
6339
2671
2675
2673
2674
2677
6343
2675
6341
2675
2679
2677
2678
2733
5979
2679
5977
2679
2735
2681
2682
2686
2737
2683
2687
2683
2739
2685
2686
2690
2741
2687
2691
2687
2743
2689
2690
2694
2745
2691
2695
2691
2747
2693
2694
2698
2749
2695
2699
2695
2751
2697
2698
2702
2753
2699
2703
2699
2755
2701
2702
2706
2757
2703
2707
2703
2759
2705
2706
2710
2761
2707
2711
2707
2763
2709
2710
2714
2765
2711
2715
2711
2767
2713
2714
2718
2769
2715
2719
2715
2771
2717
2718
2722
2773
2719
2723
2719
2775
2721
2722
2726
2777
2723
2727
2723
2779
2725
2726
2730
2781
2727
2731
2727
2783
2729
2730
2734
2785
2731
2735
2731
2787
2733
2734
2789
5851
2735
5849
2735
2791
2737
2738
2742
2793
2739
2743
2739
2795
2741
2742
2746
2797
2743
2747
2743
2799
2745
2746
2750
2801
2747
2751
2747
2803
2749
2750
2754
2805
2751
2755
2751
2807
2753
2754
2758
2809
2755
2759
2755
2811
2757
2758
2762
2813
2759
2763
2759
2815
2761
2762
2766
2817
2763
2767
2763
2819
2765
2766
2770
2821
2767
2771
2767
2823
2769
2770
2774
2825
2771
2775
2771
2827
2773
2774
2778
2829
2775
2779
2775
2831
2777
2778
2782
2833
2779
2783
2779
2835
2781
2782
2786
2837
2783
2787
2783
2839
2785
2786
2790
2841
2787
2791
2787
2843
2789
2790
2845
5639
2791
5637
2791
2847
2793
2794
2798
2849
2795
2799
2795
2851
2797
2798
2802
2853
2799
2803
2799
2855
2801
2802
2806
2857
2803
2807
2803
2859
2805
2806
2810
2861
2807
2811
2807
2863
2809
2810
2814
2865
2811
2815
2811
2867
2813
2814
2818
2869
2815
2819
2815
2871
2817
2818
2822
2873
2819
2823
2819
2875
2821
2822
2826
2877
2823
2827
2823
2879
2825
2826
2830
2881
2827
2831
2827
2883
2829
2830
2834
2885
2831
2835
2831
2887
2833
2834
2838
2889
2835
2839
2835
2891
2837
2838
2842
2893
2839
2843
2839
2895
2841
2842
2846
2897
2843
2847
2843
2899
2845
2846
2901
5503
2847
5501
2847
2903
2849
2850
2854
2905
2851
2855
2851
2907
2853
2854
2858
2909
2855
2859
2855
2911
2857
2858
2862
2913
2859
2863
2859
2915
2861
2862
2866
2917
2863
2867
2863
2919
2865
2866
2870
2921
2867
2871
2867
2923
2869
2870
2874
2925
2871
2875
2871
2927
2873
2874
2878
2929
2875
2879
2875
2931
2877
2878
2882
2933
2879
2883
2879
2935
2881
2882
2886
2937
2883
2887
2883
2939
2885
2886
2890
2941
2887
2891
2887
2943
2889
2890
2894
2945
2891
2895
2891
2947
2893
2894
2898
2949
2895
2899
2895
2951
2897
2898
2902
2953
2899
2903
2899
2955
2901
2902
2957
5367
2903
5365
2903
2959
2905
2906
2910
2961
2907
2911
2907
2963
2909
2910
2914
2965
2911
2915
2911
2967
2913
2914
2918
2969
2915
2919
2915
2971
2917
2918
2922
2973
2919
2923
2919
2975
2921
2922
2926
2977
2923
2927
2923
2979
2925
2926
2930
2981
2927
2931
2927
2983
2929
2930
2934
2985
2931
2935
2931
2987
2933
2934
2938
2989
2935
2939
2935
2991
2937
2938
2942
2993
2939
2943
2939
2995
2941
2942
2946
2997
2943
2947
2943
2999
2945
2946
2950
3001
2947
2951
2947
3003
2949
2950
2954
3005
2951
2955
2951
3007
2953
2954
2958
3009
2955
2959
2955
3011
2957
2958
3013
5231
2959
5229
2959
3015
2961
2962
2966
3017
2963
2967
2963
3019
2965
2966
2970
3021
2967
2971
2967
3023
2969
2970
2974
3025
2971
2975
2971
3027
2973
2974
2978
3029
2975
2979
2975
3031
2977
2978
2982
3033
2979
2983
2979
3035
2981
2982
2986
3037
2983
2987
2983
3039
2985
2986
2990
3041
2987
2991
2987
3043
2989
2990
2994
3045
2991
2995
2991
3047
2993
2994
2998
3049
2995
2999
2995
3051
2997
2998
3002
3053
2999
3003
2999
3055
3001
3002
3006
3057
3003
3007
3003
3059
3005
3006
3010
3061
3007
3011
3007
3063
3009
3010
3014
3065
3011
3015
3011
3067
3013
3014
3069
4889
3015
4888
3015
3071
3017
3018
3022
3073
3019
3023
3019
3075
3021
3022
3026
3077
3023
3027
3023
3079
3025
3026
3030
3081
3027
3031
3027
3083
3029
3030
3034
3085
3031
3035
3031
3087
3033
3034
3038
3089
3035
3039
3035
3091
3037
3038
3042
3093
3039
3043
3039
3095
3041
3042
3046
3097
3043
3047
3043
3099
3045
3046
3050
3101
3047
3051
3047
3103
3049
3050
3054
3105
3051
3055
3051
3107
3053
3054
3058
3109
3055
3059
3055
3111
3057
3058
3062
3113
3059
3063
3059
3115
3061
3062
3066
3117
3063
3067
3063
3119
3065
3066
3070
3121
3067
3071
3067
3123
3069
3070
3125
4301
3071
4300
3071
3127
3073
3074
3078
3129
3075
3079
3075
3131
3077
3078
3082
3133
3079
3083
3079
3135
3081
3082
3086
3137
3083
3087
3083
3139
3085
3086
3090
3141
3087
3091
3087
3143
3089
3090
3094
3145
3091
3095
3091
3147
3093
3094
3098
3149
3095
3099
3095
3151
3097
3098
3102
3153
3099
3103
3099
3155
3101
3102
3106
3157
3103
3107
3103
3159
3105
3106
3110
3161
3107
3111
3107
3163
3109
3110
3114
3165
3111
3115
3111
3167
3113
3114
3118
3169
3115
3119
3115
3171
3117
3118
3122
3173
3119
3123
3119
3175
3121
3122
3126
3177
3123
3127
3123
3179
3125
3126
3181
4129
3127
4128
3127
3183
3129
3130
3134
3185
3131
3135
3131
3187
3133
3134
3138
3197
3135
3139
3135
3199
3137
3138
3142
4481
3139
3143
3139
4483
3141
3142
3146
3643
3143
3147
3143
3642
3145
3146
3150
3635
3147
3151
3147
3634
3149
3150
3154
3631
3151
3155
3151
3630
3153
3154
3158
3627
3155
3159
3155
3626
3157
3158
3162
3623
3159
3163
3159
3622
3161
3162
3166
3619
3163
3167
3163
3618
3165
3166
3170
3615
3167
3171
3167
3614
3169
3170
3174
3611
3171
3175
3171
3610
3173
3174
3178
3607
3175
3179
3175
3606
3177
3178
3182
3603
3179
3183
3179
3602
3181
3182
3599
3825
3183
3824
3183
3598
3185
3186
3189
3198
3187
3199
3187
3191
3189
3190
3192
3202
3191
3203
3191
3193
3193
3194
3205
3195
3195
3207
3197
3198
3201
4482
3199
4483
3199
3203
3201
3202
3204
4486
3203
4487
3203
3205
3205
3206
4489
3207
3207
4491
3209
3210
3214
3413
3211
3215
3211
3415
3213
3214
3218
3417
3215
3219
3215
3419
3217
3218
3222
3421
3219
3223
3219
3423
3221
3222
3226
3425
3223
3227
3223
3427
3225
3226
3230
3429
3227
3231
3227
3431
3229
3230
3234
3433
3231
3235
3231
3435
3233
3234
3238
3437
3235
3239
3235
3439
3237
3238
3242
3441
3239
3243
3239
3443
3241
3242
3246
3445
3243
3247
3243
3447
3245
3246
3250
3449
3247
3251
3247
3451
3249
3250
3254
3453
3251
3255
3251
3455
3253
3254
3258
3465
3255
3259
3255
3467
3257
3258
3262
3469
3259
3263
3259
3471
3261
3262
3266
3473
3263
3267
3263
3475
3265
3266
3270
3477
3267
3271
3267
3479
3269
3270
3274
3481
3271
3275
3271
3483
3273
3274
3278
3485
3275
3279
3275
3487
3277
3278
3282
3489
3279
3283
3279
3491
3281
3282
3286
3493
3283
3287
3283
3495
3285
3286
3290
3497
3287
3291
3287
3499
3289
3290
3294
3501
3291
3295
3291
3503
3293
3294
3298
3505
3295
3299
3295
3507
3297
3298
3302
3509
3299
3303
3299
3511
3301
3302
3306
3513
3303
3307
3303
3515
3305
3306
3310
3517
3307
3311
3307
3519
3309
3310
3314
3521
3311
3315
3311
3523
3313
3314
3318
3525
3315
3319
3315
3527
3317
3318
3322
3529
3319
3323
3319
3531
3321
3322
3326
3533
3323
3327
3323
3535
3325
3326
3330
3537
3327
3331
3327
3539
3329
3330
3334
3541
3331
3335
3331
3543
3333
3334
3338
3545
3335
3339
3335
3547
3337
3338
3342
3549
3339
3343
3339
3551
3341
3342
3346
3553
3343
3347
3343
3555
3345
3346
3350
3557
3347
3351
3347
3559
3349
3350
3354
3561
3351
3355
3351
3563
3353
3354
3358
3565
3355
3359
3355
3567
3357
3358
3362
3569
3359
3363
3359
3571
3361
3362
3366
3573
3363
3367
3363
3575
3365
3366
3370
3577
3367
3371
3367
3579
3369
3370
3374
3581
3371
3375
3371
3583
3373
3374
3378
3585
3375
3379
3375
3587
3377
3378
3382
3589
3379
3383
3379
3591
3381
3382
3386
3593
3383
3387
3383
3595
3385
3386
3390
3596
3387
3391
3387
3597
3389
3390
3394
3600
3391
3395
3391
3601
3393
3394
3398
3604
3395
3399
3395
3605
3397
3398
3402
3608
3399
3403
3399
3609
3401
3402
3406
3612
3403
3407
3403
3613
3405
3406
3410
3616
3407
3411
3407
3617
3409
3410
3458
3620
3411
3459
3411
3621
3413
3414
3418
3653
3415
3419
3415
3655
3417
3418
3422
3657
3419
3423
3419
3659
3421
3422
3426
3661
3423
3427
3423
3663
3425
3426
3430
3665
3427
3431
3427
3667
3429
3430
3434
3669
3431
3435
3431
3671
3433
3434
3438
3673
3435
3439
3435
3675
3437
3438
3442
3677
3439
3443
3439
3679
3441
3442
3446
3681
3443
3447
3443
3683
3445
3446
3450
3685
3447
3451
3447
3687
3449
3450
3454
3689
3451
3455
3451
3691
3453
3454
3466
3693
3455
3467
3455
3695
3457
3458
3462
3624
3459
3463
3459
3625
3461
3462
3628
3639
3463
3637
3463
3629
3465
3466
3470
3697
3467
3471
3467
3699
3469
3470
3474
3701
3471
3475
3471
3703
3473
3474
3478
3705
3475
3479
3475
3707
3477
3478
3482
3709
3479
3483
3479
3711
3481
3482
3486
3713
3483
3487
3483
3715
3485
3486
3490
3717
3487
3491
3487
3719
3489
3490
3494
3721
3491
3495
3491
3723
3493
3494
3498
3725
3495
3499
3495
3727
3497
3498
3502
3729
3499
3503
3499
3731
3501
3502
3506
3733
3503
3507
3503
3735
3505
3506
3510
3737
3507
3511
3507
3739
3509
3510
3514
3741
3511
3515
3511
3743
3513
3514
3518
3745
3515
3519
3515
3747
3517
3518
3522
3749
3519
3523
3519
3751
3521
3522
3526
3753
3523
3527
3523
3755
3525
3526
3530
3757
3527
3531
3527
3759
3529
3530
3534
3761
3531
3535
3531
3763
3533
3534
3538
3765
3535
3539
3535
3767
3537
3538
3542
3769
3539
3543
3539
3771
3541
3542
3546
3773
3543
3547
3543
3775
3545
3546
3550
3777
3547
3551
3547
3779
3549
3550
3554
3781
3551
3555
3551
3783
3553
3554
3558
3785
3555
3559
3555
3787
3557
3558
3562
3789
3559
3563
3559
3791
3561
3562
3566
3793
3563
3567
3563
3795
3565
3566
3570
3797
3567
3571
3567
3799
3569
3570
3574
3801
3571
3575
3571
3803
3573
3574
3578
3805
3575
3579
3575
3807
3577
3578
3582
3809
3579
3583
3579
3811
3581
3582
3586
3813
3583
3587
3583
3815
3585
3586
3590
3817
3587
3591
3587
3819
3589
3590
3594
3821
3591
3595
3591
3823
3593
3594
3599
3825
3595
3597
3595
3827
3597
3598
3601
3599
3599
3603
3601
3602
3605
3603
3603
3607
3605
3606
3609
3607
3607
3611
3609
3610
3613
3611
3611
3615
3613
3614
3617
3615
3615
3619
3617
3618
3621
3619
3619
3623
3621
3622
3625
3623
3623
3627
3625
3626
3629
3627
3627
3631
3629
3630
3633
3631
3631
3635
3633
3634
3638
3641
3635
3639
3635
3643
3637
3638
3645
3639
3639
3647
3641
3642
3646
4480
3643
3647
3643
4481
3645
3646
4484
4495
3647
4493
3647
4485
3649
3650
4497
6074
3651
4476
6075
3651
4499
4478
3653
3654
3658
3829
3655
3659
3655
3831
3657
3658
3662
3961
3659
3663
3659
3963
3661
3662
3666
3965
3663
3667
3663
3967
3665
3666
3670
3969
3667
3671
3667
3971
3669
3670
3674
3973
3671
3675
3671
3975
3673
3674
3678
3977
3675
3679
3675
3979
3677
3678
3682
3981
3679
3683
3679
3983
3681
3682
3686
3985
3683
3687
3683
3987
3685
3686
3690
3989
3687
3691
3687
3991
3689
3690
3694
3993
3691
3695
3691
3995
3693
3694
3698
3997
3695
3699
3695
3999
3697
3698
3702
4001
3699
3703
3699
4003
3701
3702
3706
4005
3703
3707
3703
4007
3705
3706
3710
4009
3707
3711
3707
4011
3709
3710
3714
4013
3711
3715
3711
4015
3713
3714
3718
4017
3715
3719
3715
4019
3717
3718
3722
4021
3719
3723
3719
4023
3721
3722
3726
4025
3723
3727
3723
4027
3725
3726
3730
4029
3727
3731
3727
4031
3729
3730
3734
4033
3731
3735
3731
4035
3733
3734
3738
4037
3735
3739
3735
4039
3737
3738
3742
4041
3739
3743
3739
4043
3741
3742
3746
4045
3743
3747
3743
4047
3745
3746
3750
4049
3747
3751
3747
4051
3749
3750
3754
4053
3751
3755
3751
4055
3753
3754
3758
4057
3755
3759
3755
4059
3757
3758
3762
4061
3759
3763
3759
4063
3761
3762
3766
4065
3763
3767
3763
4067
3765
3766
3770
4069
3767
3771
3767
4071
3769
3770
3774
4073
3771
3775
3771
4075
3773
3774
3778
4077
3775
3779
3775
4079
3777
3778
3782
4081
3779
3783
3779
4083
3781
3782
3786
4085
3783
3787
3783
4087
3785
3786
3790
4089
3787
3791
3787
4091
3789
3790
3794
4093
3791
3795
3791
4095
3793
3794
3798
4097
3795
3799
3795
4099
3797
3798
3802
4101
3799
3803
3799
4103
3801
3802
3806
4105
3803
3807
3803
4107
3805
3806
3810
4109
3807
3811
3807
4111
3809
3810
3814
4113
3811
3815
3811
4115
3813
3814
3818
4117
3815
3819
3815
4119
3817
3818
3822
4121
3819
3823
3819
4123
3821
3822
3826
4125
3823
3827
3823
4127
3825
3826
4129
3827
3827
4131
3829
3830
3833
3962
3831
3963
3831
3835
3833
3834
3837
4134
3835
4135
3835
3839
3837
3838
3841
4306
3839
4307
3839
3843
3841
3842
3845
4310
3843
4311
3843
3847
3845
3846
3849
4314
3847
4315
3847
3851
3849
3850
3853
4318
3851
4319
3851
3855
3853
3854
3857
4322
3855
4323
3855
3859
3857
3858
3861
4326
3859
4327
3859
3863
3861
3862
3865
4330
3863
4331
3863
3867
3865
3866
3869
4334
3867
4335
3867
3871
3869
3870
3873
4338
3871
4339
3871
3875
3873
3874
3877
4342
3875
4343
3875
3879
3877
3878
3881
4346
3879
4347
3879
3883
3881
3882
3885
4350
3883
4351
3883
3887
3885
3886
3889
4354
3887
4355
3887
3891
3889
3890
3893
4358
3891
4359
3891
3895
3893
3894
3897
4362
3895
4363
3895
3899
3897
3898
3901
4366
3899
4367
3899
3903
3901
3902
3905
4370
3903
4371
3903
3907
3905
3906
3909
4374
3907
4375
3907
3911
3909
3910
3913
4378
3911
4379
3911
3915
3913
3914
3917
4382
3915
4383
3915
3919
3917
3918
3921
4386
3919
4387
3919
3923
3921
3922
3925
4390
3923
4391
3923
3927
3925
3926
3929
4394
3927
4395
3927
3931
3929
3930
3933
4398
3931
4399
3931
3935
3933
3934
3937
4402
3935
4403
3935
3939
3937
3938
3941
4406
3939
4407
3939
3943
3941
3942
3945
4410
3943
4411
3943
3947
3945
3946
3949
4414
3947
4415
3947
3951
3949
3950
3953
4418
3951
4419
3951
3955
3953
3954
3956
4422
3955
4423
3955
3957
3957
3958
4425
3959
3959
4427
3961
3962
3966
4133
3963
3967
3963
4135
3965
3966
3970
4137
3967
3971
3967
4139
3969
3970
3974
4141
3971
3975
3971
4143
3973
3974
3978
4145
3975
3979
3975
4147
3977
3978
3982
4149
3979
3983
3979
4151
3981
3982
3986
4153
3983
3987
3983
4155
3985
3986
3990
4157
3987
3991
3987
4159
3989
3990
3994
4161
3991
3995
3991
4163
3993
3994
3998
4165
3995
3999
3995
4167
3997
3998
4002
4169
3999
4003
3999
4171
4001
4002
4006
4173
4003
4007
4003
4175
4005
4006
4010
4177
4007
4011
4007
4179
4009
4010
4014
4181
4011
4015
4011
4183
4013
4014
4018
4185
4015
4019
4015
4187
4017
4018
4022
4189
4019
4023
4019
4191
4021
4022
4026
4193
4023
4027
4023
4195
4025
4026
4030
4197
4027
4031
4027
4199
4029
4030
4034
4201
4031
4035
4031
4203
4033
4034
4038
4205
4035
4039
4035
4207
4037
4038
4042
4209
4039
4043
4039
4211
4041
4042
4046
4213
4043
4047
4043
4215
4045
4046
4050
4217
4047
4051
4047
4219
4049
4050
4054
4221
4051
4055
4051
4223
4053
4054
4058
4225
4055
4059
4055
4227
4057
4058
4062
4229
4059
4063
4059
4231
4061
4062
4066
4233
4063
4067
4063
4235
4065
4066
4070
4237
4067
4071
4067
4239
4069
4070
4074
4241
4071
4075
4071
4243
4073
4074
4078
4245
4075
4079
4075
4247
4077
4078
4082
4249
4079
4083
4079
4251
4081
4082
4086
4253
4083
4087
4083
4255
4085
4086
4090
4257
4087
4091
4087
4259
4089
4090
4094
4261
4091
4095
4091
4263
4093
4094
4098
4265
4095
4099
4095
4267
4097
4098
4102
4269
4099
4103
4099
4271
4101
4102
4106
4273
4103
4107
4103
4275
4105
4106
4110
4277
4107
4111
4107
4279
4109
4110
4114
4281
4111
4115
4111
4283
4113
4114
4118
4285
4115
4119
4115
4287
4117
4118
4122
4289
4119
4123
4119
4291
4121
4122
4126
4293
4123
4127
4123
4295
4125
4126
4130
4297
4127
4131
4127
4299
4129
4130
4301
4131
4131
4303
4133
4134
4138
4305
4135
4139
4135
4307
4137
4138
4142
4613
4139
4143
4139
4615
4141
4142
4146
4729
4143
4147
4143
4731
4145
4146
4150
4733
4147
4151
4147
4735
4149
4150
4154
4737
4151
4155
4151
4739
4153
4154
4158
4741
4155
4159
4155
4743
4157
4158
4162
4745
4159
4163
4159
4747
4161
4162
4166
4749
4163
4167
4163
4751
4165
4166
4170
4753
4167
4171
4167
4755
4169
4170
4174
4757
4171
4175
4171
4759
4173
4174
4178
4761
4175
4179
4175
4763
4177
4178
4182
4765
4179
4183
4179
4767
4181
4182
4186
4769
4183
4187
4183
4771
4185
4186
4190
4773
4187
4191
4187
4775
4189
4190
4194
4777
4191
4195
4191
4779
4193
4194
4198
4781
4195
4199
4195
4783
4197
4198
4202
4785
4199
4203
4199
4787
4201
4202
4206
4789
4203
4207
4203
4791
4205
4206
4210
4793
4207
4211
4207
4795
4209
4210
4214
4797
4211
4215
4211
4799
4213
4214
4218
4801
4215
4219
4215
4803
4217
4218
4222
4805
4219
4223
4219
4807
4221
4222
4226
4809
4223
4227
4223
4811
4225
4226
4230
4813
4227
4231
4227
4815
4229
4230
4234
4817
4231
4235
4231
4819
4233
4234
4238
4821
4235
4239
4235
4823
4237
4238
4242
4825
4239
4243
4239
4827
4241
4242
4246
4829
4243
4247
4243
4831
4245
4246
4250
4833
4247
4251
4247
4835
4249
4250
4254
4837
4251
4255
4251
4839
4253
4254
4258
4841
4255
4259
4255
4843
4257
4258
4262
4845
4259
4263
4259
4847
4261
4262
4266
4849
4263
4267
4263
4851
4265
4266
4270
4853
4267
4271
4267
4855
4269
4270
4274
4857
4271
4275
4271
4859
4273
4274
4278
4861
4275
4279
4275
4863
4277
4278
4282
4865
4279
4283
4279
4867
4281
4282
4286
4869
4283
4287
4283
4871
4285
4286
4290
4873
4287
4291
4287
4875
4289
4290
4294
4877
4291
4295
4291
4879
4293
4294
4298
4881
4295
4299
4295
4883
4297
4298
4302
4885
4299
4303
4299
4887
4301
4302
4889
4303
4303
4891
4305
4306
4309
4614
4307
4615
4307
4311
4309
4310
4313
4618
4311
4619
4311
4315
4313
4314
4317
4622
4315
4623
4315
4319
4317
4318
4321
4626
4319
4627
4319
4323
4321
4322
4325
4630
4323
4631
4323
4327
4325
4326
4329
4634
4327
4635
4327
4331
4329
4330
4333
4638
4331
4639
4331
4335
4333
4334
4337
4642
4335
4643
4335
4339
4337
4338
4341
4646
4339
4647
4339
4343
4341
4342
4345
4650
4343
4651
4343
4347
4345
4346
4349
4654
4347
4655
4347
4351
4349
4350
4353
4658
4351
4659
4351
4355
4353
4354
4357
4662
4355
4663
4355
4359
4357
4358
4361
4666
4359
4667
4359
4363
4361
4362
4365
4670
4363
4671
4363
4367
4365
4366
4369
4674
4367
4675
4367
4371
4369
4370
4373
4678
4371
4679
4371
4375
4373
4374
4377
4682
4375
4683
4375
4379
4377
4378
4381
4686
4379
4687
4379
4383
4381
4382
4385
4690
4383
4691
4383
4387
4385
4386
4389
4694
4387
4695
4387
4391
4389
4390
4393
4698
4391
4699
4391
4395
4393
4394
4397
4702
4395
4703
4395
4399
4397
4398
4401
4706
4399
4707
4399
4403
4401
4402
4405
4710
4403
4711
4403
4407
4405
4406
4409
4714
4407
4715
4407
4411
4409
4410
4413
4718
4411
4719
4411
4415
4413
4414
4417
4722
4415
4723
4415
4419
4417
4418
4421
4727
4419
4725
4419
4423
4421
4422
4424
4439
4423
4437
4423
4425
4425
4426
4429
4427
4427
4431
4429
4430
4433
4438
4431
4439
4431
4435
4433
4434
4441
5086
4435
5087
4435
4443
4437
4438
4726
5085
4439
4727
4439
5087
4441
4442
4445
5090
4443
5091
4443
4447
4445
4446
4449
5206
4447
5207
4447
4451
4449
4450
4453
6038
4451
6039
4451
4455
4453
4454
4457
6042
4455
6043
4455
4459
4457
4458
4461
6050
4459
6051
4459
4463
4461
4462
4465
6054
4463
6055
4463
4467
4465
4466
4469
6058
4467
6059
4467
4471
4469
4470
4473
6062
4471
6063
4471
4475
4473
4474
4477
6066
4475
6067
4475
4479
4477
4478
6070
4479
6071
4479
4481
4482
4485
4483
4483
4487
4485
4486
4488
4487
4487
4489
4489
4490
4495
4491
4491
4494
4493
4494
4495
4495
4497
4498
4501
6078
4499
6079
4499
4503
4501
4502
4505
6082
4503
6083
4503
4507
4505
4506
4509
6086
4507
6087
4507
4511
4509
4510
4513
6090
4511
6091
4511
4515
4513
4514
4517
6094
4515
6095
4515
4519
4517
4518
4521
6098
4519
6099
4519
4523
4521
4522
4525
6102
4523
6103
4523
4527
4525
4526
4529
6106
4527
6107
4527
4531
4529
4530
4533
6110
4531
6111
4531
4535
4533
4534
4537
6114
4535
6115
4535
4539
4537
4538
4541
6118
4539
6119
4539
4543
4541
4542
4545
6122
4543
6123
4543
4547
4545
4546
4549
6126
4547
6127
4547
4551
4549
4550
4553
6130
4551
6131
4551
4555
4553
4554
4557
6134
4555
6135
4555
4559
4557
4558
4561
6138
4559
6139
4559
4563
4561
4562
4565
6142
4563
6143
4563
4567
4565
4566
4569
6146
4567
6147
4567
4571
4569
4570
4573
6150
4571
6151
4571
4575
4573
4574
4577
6154
4575
6155
4575
4579
4577
4578
4581
6158
4579
6159
4579
4583
4581
4582
4585
6162
4583
6163
4583
4587
4585
4586
4589
6166
4587
6167
4587
4591
4589
4590
4593
6170
4591
6171
4591
4595
4593
4594
4597
6174
4595
6175
4595
4599
4597
4598
4601
6178
4599
6179
4599
4603
4601
4602
4605
6182
4603
6183
4603
4607
4605
4606
4608
6186
4607
6187
4607
4609
4609
4610
6189
4611
4611
6191
4613
4614
4617
4730
4615
4731
4615
4619
4617
4618
4621
4894
4619
4895
4619
4623
4621
4622
4625
4918
4623
4919
4623
4627
4625
4626
4629
4942
4627
4943
4627
4631
4629
4630
4633
4966
4631
4967
4631
4635
4633
4634
4637
4990
4635
4991
4635
4639
4637
4638
4641
4994
4639
4995
4639
4643
4641
4642
4645
4998
4643
4999
4643
4647
4645
4646
4649
5002
4647
5003
4647
4651
4649
4650
4653
5006
4651
5007
4651
4655
4653
4654
4657
5010
4655
5011
4655
4659
4657
4658
4661
5014
4659
5015
4659
4663
4661
4662
4665
5018
4663
5019
4663
4667
4665
4666
4669
5022
4667
5023
4667
4671
4669
4670
4673
5026
4671
5027
4671
4675
4673
4674
4677
5030
4675
5031
4675
4679
4677
4678
4681
5034
4679
5035
4679
4683
4681
4682
4685
5038
4683
5039
4683
4687
4685
4686
4689
5042
4687
5043
4687
4691
4689
4690
4693
5046
4691
5047
4691
4695
4693
4694
4697
5050
4695
5051
4695
4699
4697
4698
4701
5054
4699
5055
4699
4703
4701
4702
4705
5058
4703
5059
4703
4707
4705
4706
4709
5062
4707
5063
4707
4711
4709
4710
4713
5066
4711
5067
4711
4715
4713
4714
4717
5070
4715
5071
4715
4719
4717
4718
4721
5074
4719
5075
4719
4723
4721
4722
4724
5078
4723
5079
4723
4725
4725
4726
5083
4727
4727
5082
4729
4730
4734
4893
4731
4735
4731
4895
4733
4734
4738
4897
4735
4739
4735
4899
4737
4738
4742
4901
4739
4743
4739
4903
4741
4742
4746
4905
4743
4747
4743
4907
4745
4746
4750
4909
4747
4751
4747
4911
4749
4750
4754
4913
4751
4755
4751
4915
4753
4754
4758
8909
4755
4759
4755
8911
4757
4758
4762
5363
4759
4763
4759
5362
4761
4762
4766
5359
4763
4767
4763
5358
4765
4766
4770
5355
4767
4771
4767
5354
4769
4770
4774
5351
4771
4775
4771
5350
4773
4774
4778
5347
4775
4779
4775
5346
4777
4778
4782
5343
4779
4783
4779
5342
4781
4782
4786
5339
4783
4787
4783
5338
4785
4786
4790
5335
4787
4791
4787
5334
4789
4790
4794
5331
4791
4795
4791
5330
4793
4794
4798
5327
4795
4799
4795
5326
4797
4798
4802
5323
4799
4803
4799
5322
4801
4802
4806
5319
4803
4807
4803
5318
4805
4806
4810
5315
4807
4811
4807
5314
4809
4810
4814
5311
4811
4815
4811
5310
4813
4814
4818
5307
4815
4819
4815
5306
4817
4818
4822
5303
4819
4823
4819
5302
4821
4822
4826
5299
4823
4827
4823
5298
4825
4826
4830
5295
4827
4831
4827
5294
4829
4830
4834
5291
4831
4835
4831
5290
4833
4834
4838
5287
4835
4839
4835
5286
4837
4838
4842
5283
4839
4843
4839
5282
4841
4842
4846
5279
4843
4847
4843
5278
4845
4846
4850
5275
4847
4851
4847
5274
4849
4850
4854
5271
4851
4855
4851
5270
4853
4854
4858
5267
4855
4859
4855
5266
4857
4858
4862
5263
4859
4863
4859
5262
4861
4862
4866
5259
4863
4867
4863
5258
4865
4866
4870
5255
4867
4871
4867
5254
4869
4870
4874
5251
4871
4875
4871
5250
4873
4874
4878
5247
4875
4879
4875
5246
4877
4878
4882
5243
4879
4883
4879
5242
4881
4882
4886
5239
4883
4887
4883
5238
4885
4886
4890
5235
4887
4891
4887
5234
4889
4890
5231
4891
4891
5230
4893
4894
4898
4917
4895
4899
4895
4919
4897
4898
4902
4921
4899
4903
4899
4923
4901
4902
4906
4925
4903
4907
4903
4927
4905
4906
4910
4929
4907
4911
4907
4931
4909
4910
4914
4933
4911
4915
4911
4935
4913
4914
4937
8910
4915
8911
4915
4939
4917
4918
4922
4941
4919
4923
4919
4943
4921
4922
4926
4945
4923
4927
4923
4947
4925
4926
4930
4949
4927
4931
4927
4951
4929
4930
4934
4953
4931
4935
4931
4955
4933
4934
4938
4957
4935
4939
4935
4959
4937
4938
4961
8946
4939
8947
4939
4963
4941
4942
4946
4965
4943
4947
4943
4967
4945
4946
4950
4969
4947
4951
4947
4971
4949
4950
4954
4973
4951
4955
4951
4975
4953
4954
4958
4977
4955
4959
4955
4979
4957
4958
4962
4981
4959
4963
4959
4983
4961
4962
4985
8950
4963
8951
4963
4987
4965
4966
4970
4989
4967
4971
4967
4991
4969
4970
4974
5093
4971
4975
4971
5095
4973
4974
4978
5189
4975
4979
4975
5191
4977
4978
4982
5193
4979
4983
4979
5195
4981
4982
4986
5197
4983
4987
4983
5199
4985
4986
5201
8954
4987
8955
4987
5203
4989
4990
4993
5094
4991
5095
4991
4995
4993
4994
4997
5098
4995
5099
4995
4999
4997
4998
5001
5102
4999
5103
4999
5003
5001
5002
5005
5106
5003
5107
5003
5007
5005
5006
5009
5110
5007
5111
5007
5011
5009
5010
5013
5114
5011
5115
5011
5015
5013
5014
5017
5118
5015
5119
5015
5019
5017
5018
5021
5122
5019
5123
5019
5023
5021
5022
5025
5126
5023
5127
5023
5027
5025
5026
5029
5130
5027
5131
5027
5031
5029
5030
5033
5134
5031
5135
5031
5035
5033
5034
5037
5138
5035
5139
5035
5039
5037
5038
5041
5142
5039
5143
5039
5043
5041
5042
5045
5146
5043
5147
5043
5047
5045
5046
5049
5150
5047
5151
5047
5051
5049
5050
5053
5154
5051
5155
5051
5055
5053
5054
5057
5158
5055
5159
5055
5059
5057
5058
5061
5162
5059
5163
5059
5063
5061
5062
5065
5166
5063
5167
5063
5067
5065
5066
5069
5170
5067
5171
5067
5071
5069
5070
5073
5174
5071
5175
5071
5075
5073
5074
5077
5178
5075
5179
5075
5079
5077
5078
5081
5182
5079
5183
5079
5083
5081
5082
5084
5187
5083
5185
5083
5085
5085
5086
5089
5087
5087
5091
5089
5090
5186
5205
5091
5187
5091
5207
5093
5094
5097
5190
5095
5191
5095
5099
5097
5098
5101
5214
5099
5215
5099
5103
5101
5102
5105
5766
5103
5767
5103
5107
5105
5106
5109
5770
5107
5771
5107
5111
5109
5110
5113
5774
5111
5775
5111
5115
5113
5114
5117
5778
5115
5779
5115
5119
5117
5118
5121
5782
5119
5783
5119
5123
5121
5122
5125
5786
5123
5787
5123
5127
5125
5126
5129
5790
5127
5791
5127
5131
5129
5130
5133
5794
5131
5795
5131
5135
5133
5134
5137
5798
5135
5799
5135
5139
5137
5138
5141
5802
5139
5803
5139
5143
5141
5142
5145
5806
5143
5807
5143
5147
5145
5146
5149
5810
5147
5811
5147
5151
5149
5150
5153
5814
5151
5815
5151
5155
5153
5154
5157
5818
5155
5819
5155
5159
5157
5158
5161
5822
5159
5823
5159
5163
5161
5162
5165
5826
5163
5827
5163
5167
5165
5166
5169
5830
5167
5831
5167
5171
5169
5170
5173
5834
5171
5835
5171
5175
5173
5174
5177
5838
5175
5839
5175
5179
5177
5178
5181
5842
5179
5843
5179
5183
5181
5182
5184
5847
5183
5845
5183
5185
5185
5186
5209
5187
5187
5211
5189
5190
5194
5213
5191
5195
5191
5215
5193
5194
5198
5217
5195
5199
5195
5219
5197
5198
5202
5221
5199
5203
5199
5223
5201
5202
5225
8958
5203
8959
5203
5227
5205
5206
5210
6037
5207
5211
5207
6039
5209
5210
5846
8212
5211
5847
5211
8213
5213
5214
5218
5765
5215
5219
5215
5767
5217
5218
5222
8905
5219
5223
5219
8907
5221
5222
5226
8925
5223
5227
5223
8927
5225
5226
8929
8962
5227
8963
5227
8931
5229
5230
5233
5366
5231
5367
5231
5235
5233
5234
5237
5370
5235
5371
5235
5239
5237
5238
5241
5374
5239
5375
5239
5243
5241
5242
5245
5378
5243
5379
5243
5247
5245
5246
5249
5382
5247
5383
5247
5251
5249
5250
5253
5386
5251
5387
5251
5255
5253
5254
5257
5390
5255
5391
5255
5259
5257
5258
5261
5394
5259
5395
5259
5263
5261
5262
5265
5398
5263
5399
5263
5267
5265
5266
5269
5402
5267
5403
5267
5271
5269
5270
5273
5406
5271
5407
5271
5275
5273
5274
5277
5410
5275
5411
5275
5279
5277
5278
5281
5414
5279
5415
5279
5283
5281
5282
5285
5418
5283
5419
5283
5287
5285
5286
5289
5422
5287
5423
5287
5291
5289
5290
5293
5426
5291
5427
5291
5295
5293
5294
5297
5430
5295
5431
5295
5299
5297
5298
5301
5434
5299
5435
5299
5303
5301
5302
5305
5438
5303
5439
5303
5307
5305
5306
5309
5442
5307
5443
5307
5311
5309
5310
5313
5446
5311
5447
5311
5315
5313
5314
5317
5450
5315
5451
5315
5319
5317
5318
5321
5454
5319
5455
5319
5323
5321
5322
5325
5458
5323
5459
5323
5327
5325
5326
5329
5462
5327
5463
5327
5331
5329
5330
5333
5466
5331
5467
5331
5335
5333
5334
5337
5470
5335
5471
5335
5339
5337
5338
5341
5474
5339
5475
5339
5343
5341
5342
5345
5478
5343
5479
5343
5347
5345
5346
5349
5482
5347
5483
5347
5351
5349
5350
5353
5486
5351
5487
5351
5355
5353
5354
5357
5490
5355
5491
5355
5359
5357
5358
5361
5494
5359
5495
5359
5363
5361
5362
5498
8908
5363
5499
5363
8909
5365
5366
5369
5502
5367
5503
5367
5371
5369
5370
5373
5506
5371
5507
5371
5375
5373
5374
5377
5510
5375
5511
5375
5379
5377
5378
5381
5514
5379
5515
5379
5383
5381
5382
5385
5518
5383
5519
5383
5387
5385
5386
5389
5522
5387
5523
5387
5391
5389
5390
5393
5526
5391
5527
5391
5395
5393
5394
5397
5530
5395
5531
5395
5399
5397
5398
5401
5534
5399
5535
5399
5403
5401
5402
5405
5538
5403
5539
5403
5407
5405
5406
5409
5542
5407
5543
5407
5411
5409
5410
5413
5546
5411
5547
5411
5415
5413
5414
5417
5550
5415
5551
5415
5419
5417
5418
5421
5554
5419
5555
5419
5423
5421
5422
5425
5558
5423
5559
5423
5427
5425
5426
5429
5562
5427
5563
5427
5431
5429
5430
5433
5566
5431
5567
5431
5435
5433
5434
5437
5570
5435
5571
5435
5439
5437
5438
5441
5574
5439
5575
5439
5443
5441
5442
5445
5578
5443
5579
5443
5447
5445
5446
5449
5582
5447
5583
5447
5451
5449
5450
5453
5586
5451
5587
5451
5455
5453
5454
5457
5590
5455
5591
5455
5459
5457
5458
5461
5594
5459
5595
5459
5463
5461
5462
5465
5598
5463
5599
5463
5467
5465
5466
5469
5602
5467
5603
5467
5471
5469
5470
5473
5606
5471
5607
5471
5475
5473
5474
5477
5610
5475
5611
5475
5479
5477
5478
5481
5614
5479
5615
5479
5483
5481
5482
5485
5618
5483
5619
5483
5487
5485
5486
5489
5622
5487
5623
5487
5491
5489
5490
5493
5626
5491
5627
5491
5495
5493
5494
5497
5630
5495
5631
5495
5499
5497
5498
5634
8944
5499
5635
5499
8945
5501
5502
5505
5638
5503
5639
5503
5507
5505
5506
5509
5642
5507
5643
5507
5511
5509
5510
5513
5646
5511
5647
5511
5515
5513
5514
5517
5650
5515
5651
5515
5519
5517
5518
5521
5654
5519
5655
5519
5523
5521
5522
5525
5658
5523
5659
5523
5527
5525
5526
5529
5662
5527
5663
5527
5531
5529
5530
5533
5666
5531
5667
5531
5535
5533
5534
5537
5670
5535
5671
5535
5539
5537
5538
5541
5674
5539
5675
5539
5543
5541
5542
5545
5678
5543
5679
5543
5547
5545
5546
5549
5682
5547
5683
5547
5551
5549
5550
5553
5686
5551
5687
5551
5555
5553
5554
5557
5690
5555
5691
5555
5559
5557
5558
5561
5694
5559
5695
5559
5563
5561
5562
5565
5698
5563
5699
5563
5567
5565
5566
5569
5702
5567
5703
5567
5571
5569
5570
5573
5706
5571
5707
5571
5575
5573
5574
5577
5710
5575
5711
5575
5579
5577
5578
5581
5714
5579
5715
5579
5583
5581
5582
5585
5718
5583
5719
5583
5587
5585
5586
5589
5722
5587
5723
5587
5591
5589
5590
5593
5726
5591
5727
5591
5595
5593
5594
5597
5730
5595
5731
5595
5599
5597
5598
5601
5734
5599
5735
5599
5603
5601
5602
5605
5738
5603
5739
5603
5607
5605
5606
5609
5742
5607
5743
5607
5611
5609
5610
5613
5746
5611
5747
5611
5615
5613
5614
5617
5750
5615
5751
5615
5619
5617
5618
5621
5754
5619
5755
5619
5623
5621
5622
5625
5758
5623
5759
5623
5627
5625
5626
5629
5762
5627
5763
5627
5631
5629
5630
5633
8830
5631
8831
5631
5635
5633
5634
8862
8948
5635
8863
5635
8949
5637
5638
5641
5850
5639
5851
5639
5643
5641
5642
5645
5854
5643
5855
5643
5647
5645
5646
5649
5858
5647
5859
5647
5651
5649
5650
5653
5862
5651
5863
5651
5655
5653
5654
5657
5866
5655
5867
5655
5659
5657
5658
5661
5870
5659
5871
5659
5663
5661
5662
5665
5874
5663
5875
5663
5667
5665
5666
5669
5878
5667
5879
5667
5671
5669
5670
5673
5882
5671
5883
5671
5675
5673
5674
5677
5886
5675
5887
5675
5679
5677
5678
5681
5890
5679
5891
5679
5683
5681
5682
5685
5894
5683
5895
5683
5687
5685
5686
5689
5898
5687
5899
5687
5691
5689
5690
5693
5902
5691
5903
5691
5695
5693
5694
5697
5906
5695
5907
5695
5699
5697
5698
5701
5910
5699
5911
5699
5703
5701
5702
5705
5914
5703
5915
5703
5707
5705
5706
5709
5918
5707
5919
5707
5711
5709
5710
5713
5922
5711
5923
5711
5715
5713
5714
5717
5926
5715
5927
5715
5719
5717
5718
5721
5930
5719
5931
5719
5723
5721
5722
5725
5934
5723
5935
5723
5727
5725
5726
5729
5938
5727
5939
5727
5731
5729
5730
5733
5942
5731
5943
5731
5735
5733
5734
5737
5946
5735
5947
5735
5739
5737
5738
5741
5950
5739
5951
5739
5743
5741
5742
5745
5954
5743
5955
5743
5747
5745
5746
5749
5958
5747
5959
5747
5751
5749
5750
5753
5962
5751
5963
5751
5755
5753
5754
5757
5966
5755
5967
5755
5759
5757
5758
5761
5970
5759
5971
5759
5763
5761
5762
5974
8829
5763
5975
5763
8831
5765
5766
5769
8906
5767
8907
5767
5771
5769
5770
5773
9090
5771
9091
5771
5775
5773
5774
5777
9190
5775
9191
5775
5779
5777
5778
5781
9306
5779
9307
5779
5783
5781
5782
5785
9338
5783
9339
5783
5787
5785
5786
5789
9370
5787
9371
5787
5791
5789
5790
5793
9402
5791
9403
5791
5795
5793
5794
5797
9434
5795
9435
5795
5799
5797
5798
5801
9466
5799
9467
5799
5803
5801
5802
5805
9510
5803
9511
5803
5807
5805
5806
5809
9514
5807
9515
5807
5811
5809
5810
5813
9538
5811
9539
5811
5815
5813
5814
5817
9558
5815
9559
5815
5819
5817
5818
5821
9579
5819
9577
5819
5823
5821
5822
5825
9569
5823
9568
5823
5827
5825
5826
5829
9533
5827
9532
5827
5831
5829
5830
5833
9461
5831
9460
5831
5835
5833
5834
5837
8889
5835
8888
5835
5839
5837
5838
5841
8885
5839
8884
5839
5843
5841
5842
5844
8881
5843
8880
5843
5845
5845
5846
8876
5847
5847
8877
5849
5850
5853
5978
5851
5979
5851
5855
5853
5854
5857
5982
5855
5983
5855
5859
5857
5858
5861
5986
5859
5987
5859
5863
5861
5862
5865
5990
5863
5991
5863
5867
5865
5866
5869
5994
5867
5995
5867
5871
5869
5870
5873
5998
5871
5999
5871
5875
5873
5874
5877
6002
5875
6003
5875
5879
5877
5878
5881
6006
5879
6007
5879
5883
5881
5882
5885
6010
5883
6011
5883
5887
5885
5886
5889
6014
5887
6015
5887
5891
5889
5890
5893
6018
5891
6019
5891
5895
5893
5894
5897
6022
5895
6023
5895
5899
5897
5898
5901
6026
5899
6027
5899
5903
5901
5902
5905
6030
5903
6031
5903
5907
5905
5906
5909
6034
5907
6035
5907
5911
5909
5910
5913
6046
5911
6047
5911
5915
5913
5914
5917
6210
5915
6211
5915
5919
5917
5918
5921
6214
5919
6215
5919
5923
5921
5922
5925
6218
5923
6219
5923
5927
5925
5926
5929
6222
5927
6223
5927
5931
5929
5930
5933
6226
5931
6227
5931
5935
5933
5934
5937
6230
5935
6231
5935
5939
5937
5938
5941
6234
5939
6235
5939
5943
5941
5942
5945
6238
5943
6239
5943
5947
5945
5946
5949
6242
5947
6243
5947
5951
5949
5950
5953
6246
5951
6247
5951
5955
5953
5954
5957
6250
5955
6251
5955
5959
5957
5958
5961
6254
5959
6255
5959
5963
5961
5962
5965
6258
5963
6259
5963
5967
5965
5966
5969
6262
5967
6263
5967
5971
5969
5970
5973
6266
5971
6267
5971
5975
5973
5974
6270
8833
5975
6271
5975
8835
5977
5978
5981
6342
5979
6343
5979
5983
5981
5982
5985
6346
5983
6347
5983
5987
5985
5986
5989
6350
5987
6351
5987
5991
5989
5990
5993
6354
5991
6355
5991
5995
5993
5994
5997
6358
5995
6359
5995
5999
5997
5998
6001
6362
5999
6363
5999
6003
6001
6002
6005
6366
6003
6367
6003
6007
6005
6006
6009
6370
6007
6371
6007
6011
6009
6010
6013
6374
6011
6375
6011
6015
6013
6014
6017
6378
6015
6379
6015
6019
6017
6018
6021
6382
6019
6383
6019
6023
6021
6022
6025
6386
6023
6387
6023
6027
6025
6026
6029
6390
6027
6391
6027
6031
6029
6030
6033
6394
6031
6395
6031
6035
6033
6034
6045
6398
6035
6399
6035
6047
6037
6038
6041
8215
6039
8213
6039
6043
6041
6042
6049
8211
6043
8209
6043
6051
6045
6046
6209
6402
6047
6403
6047
6211
6049
6050
6053
8207
6051
8205
6051
6055
6053
6054
6057
8203
6055
8201
6055
6059
6057
6058
6061
8199
6059
8197
6059
6063
6061
6062
6065
8195
6063
8193
6063
6067
6065
6066
6069
8191
6067
8189
6067
6071
6069
6070
6073
8187
6071
8185
6071
6075
6073
6074
6077
8183
6075
8181
6075
6079
6077
6078
6081
8179
6079
8177
6079
6083
6081
6082
6085
8175
6083
8173
6083
6087
6085
6086
6089
8171
6087
8169
6087
6091
6089
6090
6093
8167
6091
8165
6091
6095
6093
6094
6097
8163
6095
8161
6095
6099
6097
6098
6101
8159
6099
8157
6099
6103
6101
6102
6105
8155
6103
8153
6103
6107
6105
6106
6109
8151
6107
8149
6107
6111
6109
6110
6113
8067
6111
8065
6111
6115
6113
6114
6117
7983
6115
7981
6115
6119
6117
6118
6121
7899
6119
7897
6119
6123
6121
6122
6125
7815
6123
7813
6123
6127
6125
6126
6129
7731
6127
7729
6127
6131
6129
6130
6133
7647
6131
7645
6131
6135
6133
6134
6137
7563
6135
7561
6135
6139
6137
6138
6141
7479
6139
7477
6139
6143
6141
6142
6145
7395
6143
7393
6143
6147
6145
6146
6149
7315
6147
7313
6147
6151
6149
6150
6153
7227
6151
7225
6151
6155
6153
6154
6157
7143
6155
7141
6155
6159
6157
6158
6161
7059
6159
7057
6159
6163
6161
6162
6165
6975
6163
6973
6163
6167
6165
6166
6169
6891
6167
6889
6167
6171
6169
6170
6173
6807
6171
6805
6171
6175
6173
6174
6177
6801
6175
6800
6175
6179
6177
6178
6181
6639
6179
6637
6179
6183
6181
6182
6185
6633
6183
6632
6183
6187
6185
6186
6188
6463
6187
6461
6187
6189
6189
6190
6193
6191
6191
6195
6193
6194
6197
6462
6195
6463
6195
6199
6197
6198
6201
6466
6199
6467
6199
6203
6201
6202
6205
6470
6203
6471
6203
6207
6205
6206
6273
6474
6207
6475
6207
6275
6209
6210
6213
6406
6211
6407
6211
6215
6213
6214
6217
6410
6215
6411
6215
6219
6217
6218
6221
6414
6219
6415
6219
6223
6221
6222
6225
6418
6223
6419
6223
6227
6225
6226
6229
6422
6227
6423
6227
6231
6229
6230
6233
6426
6231
6427
6231
6235
6233
6234
6237
6430
6235
6431
6235
6239
6237
6238
6241
6434
6239
6435
6239
6243
6241
6242
6245
6438
6243
6439
6243
6247
6245
6246
6249
6442
6247
6443
6247
6251
6249
6250
6253
6446
6251
6447
6251
6255
6253
6254
6257
6450
6255
6451
6255
6259
6257
6258
6261
6454
6259
6455
6259
6263
6261
6262
6265
6458
6263
6459
6263
6267
6265
6266
6269
6546
6267
6547
6267
6271
6269
6270
6550
8837
6271
6551
6271
8839
6273
6274
6277
6478
6275
6479
6275
6279
6277
6278
6281
6482
6279
6483
6279
6283
6281
6282
6285
6486
6283
6487
6283
6287
6285
6286
6289
6490
6287
6491
6287
6291
6289
6290
6293
6494
6291
6495
6291
6295
6293
6294
6297
6498
6295
6499
6295
6299
6297
6298
6301
6502
6299
6503
6299
6303
6301
6302
6305
6506
6303
6507
6303
6307
6305
6306
6309
6510
6307
6511
6307
6311
6309
6310
6313
6514
6311
6515
6311
6315
6313
6314
6317
6518
6315
6519
6315
6319
6317
6318
6321
6522
6319
6523
6319
6323
6321
6322
6325
6526
6323
6527
6323
6327
6325
6326
6329
6530
6327
6531
6327
6331
6329
6330
6333
6534
6331
6535
6331
6335
6333
6334
6337
6538
6335
6539
6335
6339
6337
6338
6340
6543
6339
6541
6339
6341
6341
6342
6345
6343
6343
6347
6345
6346
6349
6542
6347
6543
6347
6351
6349
6350
6353
6554
6351
6555
6351
6355
6353
6354
6357
6718
6355
6719
6355
6359
6357
6358
6361
6722
6359
6723
6359
6363
6361
6362
6365
6886
6363
6887
6363
6367
6365
6366
6369
6970
6367
6971
6367
6371
6369
6370
6373
7054
6371
7055
6371
6375
6373
6374
6377
7138
6375
7139
6375
6379
6377
6378
6381
7222
6379
7223
6379
6383
6381
6382
6385
7306
6383
7307
6383
6387
6385
6386
6389
7310
6387
7311
6387
6391
6389
6390
6393
7474
6391
7475
6391
6395
6393
6394
6397
7558
6395
7559
6395
6399
6397
6398
6401
7642
6399
7643
6399
6403
6401
6402
6405
7726
6403
7727
6403
6407
6405
6406
6409
7810
6407
7811
6407
6411
6409
6410
6413
7894
6411
7895
6411
6415
6413
6414
6417
7978
6415
7979
6415
6419
6417
6418
6421
8062
6419
8063
6419
6423
6421
6422
6425
8146
6423
8147
6423
6427
6425
6426
6429
8294
6427
8295
6427
6431
6429
6430
6433
9086
6431
9087
6431
6435
6433
6434
6437
9147
6435
9145
6435
6439
6437
6438
6441
9143
6439
9141
6439
6443
6441
6442
6445
9139
6443
9137
6443
6447
6445
6446
6449
9135
6447
9133
6447
6451
6449
6450
6453
9131
6451
9129
6451
6455
6453
6454
6457
9127
6455
9125
6455
6459
6457
6458
6545
9123
6459
9121
6459
6547
6461
6462
6465
6635
6463
6633
6463
6467
6465
6466
6469
6631
6467
6629
6467
6471
6469
6470
6473
6627
6471
6625
6471
6475
6473
6474
6477
6623
6475
6621
6475
6479
6477
6478
6481
6619
6479
6617
6479
6483
6481
6482
6485
6615
6483
6613
6483
6487
6485
6486
6489
6611
6487
6609
6487
6491
6489
6490
6493
6607
6491
6605
6491
6495
6493
6494
6497
6603
6495
6601
6495
6499
6497
6498
6501
6599
6499
6597
6499
6503
6501
6502
6505
6595
6503
6593
6503
6507
6505
6506
6509
6591
6507
6589
6507
6511
6509
6510
6513
6587
6511
6585
6511
6515
6513
6514
6517
6583
6515
6581
6515
6519
6517
6518
6521
6579
6519
6577
6519
6523
6521
6522
6525
6575
6523
6573
6523
6527
6525
6526
6529
6571
6527
6569
6527
6531
6529
6530
6533
6567
6531
6565
6531
6535
6533
6534
6537
6563
6535
6561
6535
6539
6537
6538
6540
6559
6539
6557
6539
6541
6541
6542
6553
6543
6543
6555
6545
6546
6549
9119
6547
9117
6547
6551
6549
6550
8841
9115
6551
9113
6551
8843
6553
6554
6558
6717
6555
6559
6555
6719
6557
6558
6562
6715
6559
6563
6559
6714
6561
6562
6566
6711
6563
6567
6563
6710
6565
6566
6570
6707
6567
6571
6567
6706
6569
6570
6574
6703
6571
6575
6571
6702
6573
6574
6578
6699
6575
6579
6575
6698
6577
6578
6582
6695
6579
6583
6579
6694
6581
6582
6586
6691
6583
6587
6583
6690
6585
6586
6590
6687
6587
6591
6587
6686
6589
6590
6594
6683
6591
6595
6591
6682
6593
6594
6598
6679
6595
6599
6595
6678
6597
6598
6602
6675
6599
6603
6599
6674
6601
6602
6606
6671
6603
6607
6603
6670
6605
6606
6610
6667
6607
6611
6607
6666
6609
6610
6614
6663
6611
6615
6611
6662
6613
6614
6618
6659
6615
6619
6615
6658
6617
6618
6622
6655
6619
6623
6619
6654
6621
6622
6626
6651
6623
6627
6623
6650
6625
6626
6630
6647
6627
6631
6627
6646
6629
6630
6634
6643
6631
6635
6631
6642
6633
6634
6639
6635
6635
6638
6637
6638
6641
6803
6639
6801
6639
6643
6641
6642
6645
6799
6643
6797
6643
6647
6645
6646
6649
6795
6647
6793
6647
6651
6649
6650
6653
6791
6651
6789
6651
6655
6653
6654
6657
6787
6655
6785
6655
6659
6657
6658
6661
6783
6659
6781
6659
6663
6661
6662
6665
6779
6663
6777
6663
6667
6665
6666
6669
6775
6667
6773
6667
6671
6669
6670
6673
6771
6671
6769
6671
6675
6673
6674
6677
6767
6675
6765
6675
6679
6677
6678
6681
6763
6679
6761
6679
6683
6681
6682
6685
6759
6683
6757
6683
6687
6685
6686
6689
6755
6687
6753
6687
6691
6689
6690
6693
6751
6691
6749
6691
6695
6693
6694
6697
6747
6695
6745
6695
6699
6697
6698
6701
6743
6699
6741
6699
6703
6701
6702
6705
6739
6703
6737
6703
6707
6705
6706
6709
6735
6707
6733
6707
6711
6709
6710
6713
6731
6711
6729
6711
6715
6713
6714
6716
6727
6715
6725
6715
6717
6717
6718
6721
6719
6719
6723
6721
6722
6726
6885
6723
6727
6723
6887
6725
6726
6730
6883
6727
6731
6727
6882
6729
6730
6734
6879
6731
6735
6731
6878
6733
6734
6738
6875
6735
6739
6735
6874
6737
6738
6742
6871
6739
6743
6739
6870
6741
6742
6746
6867
6743
6747
6743
6866
6745
6746
6750
6863
6747
6751
6747
6862
6749
6750
6754
6859
6751
6755
6751
6858
6753
6754
6758
6855
6755
6759
6755
6854
6757
6758
6762
6851
6759
6763
6759
6850
6761
6762
6766
6847
6763
6767
6763
6846
6765
6766
6770
6843
6767
6771
6767
6842
6769
6770
6774
6839
6771
6775
6771
6838
6773
6774
6778
6835
6775
6779
6775
6834
6777
6778
6782
6831
6779
6783
6779
6830
6781
6782
6786
6827
6783
6787
6783
6826
6785
6786
6790
6823
6787
6791
6787
6822
6789
6790
6794
6819
6791
6795
6791
6818
6793
6794
6798
6815
6795
6799
6795
6814
6797
6798
6802
6811
6799
6803
6799
6810
6801
6802
6807
6803
6803
6806
6805
6806
6809
6890
6807
6891
6807
6811
6809
6810
6813
6894
6811
6895
6811
6815
6813
6814
6817
6898
6815
6899
6815
6819
6817
6818
6821
6902
6819
6903
6819
6823
6821
6822
6825
6906
6823
6907
6823
6827
6825
6826
6829
6910
6827
6911
6827
6831
6829
6830
6833
6914
6831
6915
6831
6835
6833
6834
6837
6918
6835
6919
6835
6839
6837
6838
6841
6922
6839
6923
6839
6843
6841
6842
6845
6926
6843
6927
6843
6847
6845
6846
6849
6930
6847
6931
6847
6851
6849
6850
6853
6934
6851
6935
6851
6855
6853
6854
6857
6938
6855
6939
6855
6859
6857
6858
6861
6942
6859
6943
6859
6863
6861
6862
6865
6946
6863
6947
6863
6867
6865
6866
6869
6950
6867
6951
6867
6871
6869
6870
6873
6954
6871
6955
6871
6875
6873
6874
6877
6958
6875
6959
6875
6879
6877
6878
6881
6962
6879
6963
6879
6883
6881
6882
6884
6966
6883
6967
6883
6885
6885
6886
6969
6887
6887
6971
6889
6890
6893
6974
6891
6975
6891
6895
6893
6894
6897
6978
6895
6979
6895
6899
6897
6898
6901
6982
6899
6983
6899
6903
6901
6902
6905
6986
6903
6987
6903
6907
6905
6906
6909
6990
6907
6991
6907
6911
6909
6910
6913
6994
6911
6995
6911
6915
6913
6914
6917
6998
6915
6999
6915
6919
6917
6918
6921
7002
6919
7003
6919
6923
6921
6922
6925
7006
6923
7007
6923
6927
6925
6926
6929
7010
6927
7011
6927
6931
6929
6930
6933
7014
6931
7015
6931
6935
6933
6934
6937
7018
6935
7019
6935
6939
6937
6938
6941
7022
6939
7023
6939
6943
6941
6942
6945
7026
6943
7027
6943
6947
6945
6946
6949
7030
6947
7031
6947
6951
6949
6950
6953
7034
6951
7035
6951
6955
6953
6954
6957
7038
6955
7039
6955
6959
6957
6958
6961
7042
6959
7043
6959
6963
6961
6962
6965
7046
6963
7047
6963
6967
6965
6966
6968
7050
6967
7051
6967
6969
6969
6970
7053
6971
6971
7055
6973
6974
6977
7058
6975
7059
6975
6979
6977
6978
6981
7062
6979
7063
6979
6983
6981
6982
6985
7066
6983
7067
6983
6987
6985
6986
6989
7070
6987
7071
6987
6991
6989
6990
6993
7074
6991
7075
6991
6995
6993
6994
6997
7078
6995
7079
6995
6999
6997
6998
7001
7082
6999
7083
6999
7003
7001
7002
7005
7086
7003
7087
7003
7007
7005
7006
7009
7090
7007
7091
7007
7011
7009
7010
7013
7094
7011
7095
7011
7015
7013
7014
7017
7098
7015
7099
7015
7019
7017
7018
7021
7102
7019
7103
7019
7023
7021
7022
7025
7106
7023
7107
7023
7027
7025
7026
7029
7110
7027
7111
7027
7031
7029
7030
7033
7114
7031
7115
7031
7035
7033
7034
7037
7118
7035
7119
7035
7039
7037
7038
7041
7122
7039
7123
7039
7043
7041
7042
7045
7126
7043
7127
7043
7047
7045
7046
7049
7130
7047
7131
7047
7051
7049
7050
7052
7134
7051
7135
7051
7053
7053
7054
7137
7055
7055
7139
7057
7058
7061
7142
7059
7143
7059
7063
7061
7062
7065
7146
7063
7147
7063
7067
7065
7066
7069
7150
7067
7151
7067
7071
7069
7070
7073
7154
7071
7155
7071
7075
7073
7074
7077
7158
7075
7159
7075
7079
7077
7078
7081
7162
7079
7163
7079
7083
7081
7082
7085
7166
7083
7167
7083
7087
7085
7086
7089
7170
7087
7171
7087
7091
7089
7090
7093
7174
7091
7175
7091
7095
7093
7094
7097
7178
7095
7179
7095
7099
7097
7098
7101
7182
7099
7183
7099
7103
7101
7102
7105
7186
7103
7187
7103
7107
7105
7106
7109
7190
7107
7191
7107
7111
7109
7110
7113
7194
7111
7195
7111
7115
7113
7114
7117
7198
7115
7199
7115
7119
7117
7118
7121
7202
7119
7203
7119
7123
7121
7122
7125
7206
7123
7207
7123
7127
7125
7126
7129
7210
7127
7211
7127
7131
7129
7130
7133
7214
7131
7215
7131
7135
7133
7134
7136
7218
7135
7219
7135
7137
7137
7138
7221
7139
7139
7223
7141
7142
7145
7226
7143
7227
7143
7147
7145
7146
7149
7230
7147
7231
7147
7151
7149
7150
7153
7234
7151
7235
7151
7155
7153
7154
7157
7238
7155
7239
7155
7159
7157
7158
7161
7242
7159
7243
7159
7163
7161
7162
7165
7246
7163
7247
7163
7167
7165
7166
7169
7250
7167
7251
7167
7171
7169
7170
7173
7254
7171
7255
7171
7175
7173
7174
7177
7258
7175
7259
7175
7179
7177
7178
7181
7262
7179
7263
7179
7183
7181
7182
7185
7266
7183
7267
7183
7187
7185
7186
7189
7270
7187
7271
7187
7191
7189
7190
7193
7274
7191
7275
7191
7195
7193
7194
7197
7278
7195
7279
7195
7199
7197
7198
7201
7282
7199
7283
7199
7203
7201
7202
7205
7286
7203
7287
7203
7207
7205
7206
7209
7290
7207
7291
7207
7211
7209
7210
7213
7294
7211
7295
7211
7215
7213
7214
7217
7298
7215
7299
7215
7219
7217
7218
7220
7302
7219
7303
7219
7221
7221
7222
7305
7223
7223
7307
7225
7226
7229
7314
7227
7315
7227
7231
7229
7230
7233
7318
7231
7319
7231
7235
7233
7234
7237
7322
7235
7323
7235
7239
7237
7238
7241
7326
7239
7327
7239
7243
7241
7242
7245
7330
7243
7331
7243
7247
7245
7246
7249
7334
7247
7335
7247
7251
7249
7250
7253
7338
7251
7339
7251
7255
7253
7254
7257
7342
7255
7343
7255
7259
7257
7258
7261
7346
7259
7347
7259
7263
7261
7262
7265
7350
7263
7351
7263
7267
7265
7266
7269
7354
7267
7355
7267
7271
7269
7270
7273
7358
7271
7359
7271
7275
7273
7274
7277
7362
7275
7363
7275
7279
7277
7278
7281
7366
7279
7367
7279
7283
7281
7282
7285
7370
7283
7371
7283
7287
7285
7286
7289
7374
7287
7375
7287
7291
7289
7290
7293
7378
7291
7379
7291
7295
7293
7294
7297
7382
7295
7383
7295
7299
7297
7298
7301
7386
7299
7387
7299
7303
7301
7302
7304
7391
7303
7389
7303
7305
7305
7306
7309
7307
7307
7311
7309
7310
7390
7473
7311
7391
7311
7475
7313
7314
7317
7394
7315
7395
7315
7319
7317
7318
7321
7398
7319
7399
7319
7323
7321
7322
7325
7402
7323
7403
7323
7327
7325
7326
7329
7406
7327
7407
7327
7331
7329
7330
7333
7410
7331
7411
7331
7335
7333
7334
7337
7414
7335
7415
7335
7339
7337
7338
7341
7418
7339
7419
7339
7343
7341
7342
7345
7422
7343
7423
7343
7347
7345
7346
7349
7426
7347
7427
7347
7351
7349
7350
7353
7430
7351
7431
7351
7355
7353
7354
7357
7434
7355
7435
7355
7359
7357
7358
7361
7438
7359
7439
7359
7363
7361
7362
7365
7442
7363
7443
7363
7367
7365
7366
7369
7446
7367
7447
7367
7371
7369
7370
7373
7450
7371
7451
7371
7375
7373
7374
7377
7454
7375
7455
7375
7379
7377
7378
7381
7458
7379
7459
7379
7383
7381
7382
7385
7462
7383
7463
7383
7387
7385
7386
7388
7466
7387
7467
7387
7389
7389
7390
7471
7391
7391
7470
7393
7394
7397
7478
7395
7479
7395
7399
7397
7398
7401
7482
7399
7483
7399
7403
7401
7402
7405
7486
7403
7487
7403
7407
7405
7406
7409
7490
7407
7491
7407
7411
7409
7410
7413
7494
7411
7495
7411
7415
7413
7414
7417
7498
7415
7499
7415
7419
7417
7418
7421
7502
7419
7503
7419
7423
7421
7422
7425
7506
7423
7507
7423
7427
7425
7426
7429
7510
7427
7511
7427
7431
7429
7430
7433
7514
7431
7515
7431
7435
7433
7434
7437
7518
7435
7519
7435
7439
7437
7438
7441
7522
7439
7523
7439
7443
7441
7442
7445
7526
7443
7527
7443
7447
7445
7446
7449
7530
7447
7531
7447
7451
7449
7450
7453
7534
7451
7535
7451
7455
7453
7454
7457
7538
7455
7539
7455
7459
7457
7458
7461
7542
7459
7543
7459
7463
7461
7462
7465
7546
7463
7547
7463
7467
7465
7466
7469
7550
7467
7551
7467
7471
7469
7470
7472
7554
7471
7555
7471
7473
7473
7474
7557
7475
7475
7559
7477
7478
7481
7562
7479
7563
7479
7483
7481
7482
7485
7566
7483
7567
7483
7487
7485
7486
7489
7570
7487
7571
7487
7491
7489
7490
7493
7574
7491
7575
7491
7495
7493
7494
7497
7578
7495
7579
7495
7499
7497
7498
7501
7582
7499
7583
7499
7503
7501
7502
7505
7586
7503
7587
7503
7507
7505
7506
7509
7590
7507
7591
7507
7511
7509
7510
7513
7594
7511
7595
7511
7515
7513
7514
7517
7598
7515
7599
7515
7519
7517
7518
7521
7602
7519
7603
7519
7523
7521
7522
7525
7606
7523
7607
7523
7527
7525
7526
7529
7610
7527
7611
7527
7531
7529
7530
7533
7614
7531
7615
7531
7535
7533
7534
7537
7618
7535
7619
7535
7539
7537
7538
7541
7622
7539
7623
7539
7543
7541
7542
7545
7626
7543
7627
7543
7547
7545
7546
7549
7630
7547
7631
7547
7551
7549
7550
7553
7634
7551
7635
7551
7555
7553
7554
7556
7638
7555
7639
7555
7557
7557
7558
7641
7559
7559
7643
7561
7562
7565
7646
7563
7647
7563
7567
7565
7566
7569
7650
7567
7651
7567
7571
7569
7570
7573
7654
7571
7655
7571
7575
7573
7574
7577
7658
7575
7659
7575
7579
7577
7578
7581
7662
7579
7663
7579
7583
7581
7582
7585
7666
7583
7667
7583
7587
7585
7586
7589
7670
7587
7671
7587
7591
7589
7590
7593
7674
7591
7675
7591
7595
7593
7594
7597
7678
7595
7679
7595
7599
7597
7598
7601
7682
7599
7683
7599
7603
7601
7602
7605
7686
7603
7687
7603
7607
7605
7606
7609
7690
7607
7691
7607
7611
7609
7610
7613
7694
7611
7695
7611
7615
7613
7614
7617
7698
7615
7699
7615
7619
7617
7618
7621
7702
7619
7703
7619
7623
7621
7622
7625
7706
7623
7707
7623
7627
7625
7626
7629
7710
7627
7711
7627
7631
7629
7630
7633
7714
7631
7715
7631
7635
7633
7634
7637
7718
7635
7719
7635
7639
7637
7638
7640
7722
7639
7723
7639
7641
7641
7642
7725
7643
7643
7727
7645
7646
7649
7730
7647
7731
7647
7651
7649
7650
7653
7734
7651
7735
7651
7655
7653
7654
7657
7738
7655
7739
7655
7659
7657
7658
7661
7742
7659
7743
7659
7663
7661
7662
7665
7746
7663
7747
7663
7667
7665
7666
7669
7750
7667
7751
7667
7671
7669
7670
7673
7754
7671
7755
7671
7675
7673
7674
7677
7758
7675
7759
7675
7679
7677
7678
7681
7762
7679
7763
7679
7683
7681
7682
7685
7766
7683
7767
7683
7687
7685
7686
7689
7770
7687
7771
7687
7691
7689
7690
7693
7774
7691
7775
7691
7695
7693
7694
7697
7778
7695
7779
7695
7699
7697
7698
7701
7782
7699
7783
7699
7703
7701
7702
7705
7786
7703
7787
7703
7707
7705
7706
7709
7790
7707
7791
7707
7711
7709
7710
7713
7794
7711
7795
7711
7715
7713
7714
7717
7798
7715
7799
7715
7719
7717
7718
7721
7802
7719
7803
7719
7723
7721
7722
7724
7806
7723
7807
7723
7725
7725
7726
7809
7727
7727
7811
7729
7730
7733
7814
7731
7815
7731
7735
7733
7734
7737
7818
7735
7819
7735
7739
7737
7738
7741
7822
7739
7823
7739
7743
7741
7742
7745
7826
7743
7827
7743
7747
7745
7746
7749
7830
7747
7831
7747
7751
7749
7750
7753
7834
7751
7835
7751
7755
7753
7754
7757
7838
7755
7839
7755
7759
7757
7758
7761
7842
7759
7843
7759
7763
7761
7762
7765
7846
7763
7847
7763
7767
7765
7766
7769
7850
7767
7851
7767
7771
7769
7770
7773
7854
7771
7855
7771
7775
7773
7774
7777
7858
7775
7859
7775
7779
7777
7778
7781
7862
7779
7863
7779
7783
7781
7782
7785
7866
7783
7867
7783
7787
7785
7786
7789
7870
7787
7871
7787
7791
7789
7790
7793
7874
7791
7875
7791
7795
7793
7794
7797
7878
7795
7879
7795
7799
7797
7798
7801
7882
7799
7883
7799
7803
7801
7802
7805
7886
7803
7887
7803
7807
7805
7806
7808
7890
7807
7891
7807
7809
7809
7810
7893
7811
7811
7895
7813
7814
7817
7898
7815
7899
7815
7819
7817
7818
7821
7902
7819
7903
7819
7823
7821
7822
7825
7906
7823
7907
7823
7827
7825
7826
7829
7910
7827
7911
7827
7831
7829
7830
7833
7914
7831
7915
7831
7835
7833
7834
7837
7918
7835
7919
7835
7839
7837
7838
7841
7922
7839
7923
7839
7843
7841
7842
7845
7926
7843
7927
7843
7847
7845
7846
7849
7930
7847
7931
7847
7851
7849
7850
7853
7934
7851
7935
7851
7855
7853
7854
7857
7938
7855
7939
7855
7859
7857
7858
7861
7942
7859
7943
7859
7863
7861
7862
7865
7946
7863
7947
7863
7867
7865
7866
7869
7950
7867
7951
7867
7871
7869
7870
7873
7954
7871
7955
7871
7875
7873
7874
7877
7958
7875
7959
7875
7879
7877
7878
7881
7962
7879
7963
7879
7883
7881
7882
7885
7966
7883
7967
7883
7887
7885
7886
7889
7970
7887
7971
7887
7891
7889
7890
7892
7974
7891
7975
7891
7893
7893
7894
7977
7895
7895
7979
7897
7898
7901
7982
7899
7983
7899
7903
7901
7902
7905
7986
7903
7987
7903
7907
7905
7906
7909
7990
7907
7991
7907
7911
7909
7910
7913
7994
7911
7995
7911
7915
7913
7914
7917
7998
7915
7999
7915
7919
7917
7918
7921
8002
7919
8003
7919
7923
7921
7922
7925
8006
7923
8007
7923
7927
7925
7926
7929
8010
7927
8011
7927
7931
7929
7930
7933
8014
7931
8015
7931
7935
7933
7934
7937
8018
7935
8019
7935
7939
7937
7938
7941
8022
7939
8023
7939
7943
7941
7942
7945
8026
7943
8027
7943
7947
7945
7946
7949
8030
7947
8031
7947
7951
7949
7950
7953
8034
7951
8035
7951
7955
7953
7954
7957
8038
7955
8039
7955
7959
7957
7958
7961
8042
7959
8043
7959
7963
7961
7962
7965
8046
7963
8047
7963
7967
7965
7966
7969
8050
7967
8051
7967
7971
7969
7970
7973
8054
7971
8055
7971
7975
7973
7974
7976
8058
7975
8059
7975
7977
7977
7978
8061
7979
7979
8063
7981
7982
7985
8066
7983
8067
7983
7987
7985
7986
7989
8070
7987
8071
7987
7991
7989
7990
7993
8074
7991
8075
7991
7995
7993
7994
7997
8078
7995
8079
7995
7999
7997
7998
8001
8082
7999
8083
7999
8003
8001
8002
8005
8086
8003
8087
8003
8007
8005
8006
8009
8090
8007
8091
8007
8011
8009
8010
8013
8094
8011
8095
8011
8015
8013
8014
8017
8098
8015
8099
8015
8019
8017
8018
8021
8102
8019
8103
8019
8023
8021
8022
8025
8106
8023
8107
8023
8027
8025
8026
8029
8110
8027
8111
8027
8031
8029
8030
8033
8114
8031
8115
8031
8035
8033
8034
8037
8118
8035
8119
8035
8039
8037
8038
8041
8122
8039
8123
8039
8043
8041
8042
8045
8126
8043
8127
8043
8047
8045
8046
8049
8130
8047
8131
8047
8051
8049
8050
8053
8134
8051
8135
8051
8055
8053
8054
8057
8138
8055
8139
8055
8059
8057
8058
8060
8142
8059
8143
8059
8061
8061
8062
8145
8063
8063
8147
8065
8066
8069
8150
8067
8151
8067
8071
8069
8070
8073
8218
8071
8219
8071
8075
8073
8074
8077
8222
8075
8223
8075
8079
8077
8078
8081
8226
8079
8227
8079
8083
8081
8082
8085
8230
8083
8231
8083
8087
8085
8086
8089
8234
8087
8235
8087
8091
8089
8090
8093
8238
8091
8239
8091
8095
8093
8094
8097
8242
8095
8243
8095
8099
8097
8098
8101
8246
8099
8247
8099
8103
8101
8102
8105
8250
8103
8251
8103
8107
8105
8106
8109
8254
8107
8255
8107
8111
8109
8110
8113
8258
8111
8259
8111
8115
8113
8114
8117
8262
8115
8263
8115
8119
8117
8118
8121
8266
8119
8267
8119
8123
8121
8122
8125
8270
8123
8271
8123
8127
8125
8126
8129
8274
8127
8275
8127
8131
8129
8130
8133
8278
8131
8279
8131
8135
8133
8134
8137
8282
8135
8283
8135
8139
8137
8138
8141
8286
8139
8287
8139
8143
8141
8142
8144
8290
8143
8291
8143
8145
8145
8146
8293
8147
8147
8295
8149
8150
8154
8217
8151
8155
8151
8219
8153
8154
8158
8297
8155
8159
8155
8299
8157
8158
8162
8345
8159
8163
8159
8347
8161
8162
8166
8393
8163
8167
8163
8395
8165
8166
8170
8441
8167
8171
8167
8443
8169
8170
8174
8489
8171
8175
8171
8491
8173
8174
8178
8537
8175
8179
8175
8539
8177
8178
8182
8585
8179
8183
8179
8587
8181
8182
8186
8629
8183
8187
8183
8631
8185
8186
8190
8669
8187
8191
8187
8671
8189
8190
8194
8697
8191
8195
8191
8699
8193
8194
8198
8725
8195
8199
8195
8727
8197
8198
8202
8753
8199
8203
8199
8755
8201
8202
8206
8777
8203
8207
8203
8779
8205
8206
8210
8801
8207
8211
8207
8803
8209
8210
8214
8845
8211
8215
8211
8847
8213
8214
8877
8215
8215
8879
8217
8218
8221
8298
8219
8299
8219
8223
8221
8222
8225
8302
8223
8303
8223
8227
8225
8226
8229
8306
8227
8307
8227
8231
8229
8230
8233
8310
8231
8311
8231
8235
8233
8234
8237
8314
8235
8315
8235
8239
8237
8238
8241
8318
8239
8319
8239
8243
8241
8242
8245
8322
8243
8323
8243
8247
8245
8246
8249
8326
8247
8327
8247
8251
8249
8250
8253
8330
8251
8331
8251
8255
8253
8254
8257
8334
8255
8335
8255
8259
8257
8258
8261
8338
8259
8339
8259
8263
8261
8262
8265
8342
8263
8343
8263
8267
8265
8266
8269
9002
8267
9003
8267
8271
8269
8270
8273
9006
8271
9007
8271
8275
8273
8274
8277
9010
8275
9011
8275
8279
8277
8278
8281
9018
8279
9019
8279
8283
8281
8282
8285
9034
8283
9035
8283
8287
8285
8286
8289
9078
8287
9079
8287
8291
8289
8290
8292
9082
8291
9083
8291
8293
8293
8294
9085
8295
8295
9087
8297
8298
8301
8346
8299
8347
8299
8303
8301
8302
8305
8350
8303
8351
8303
8307
8305
8306
8309
8354
8307
8355
8307
8311
8309
8310
8313
8358
8311
8359
8311
8315
8313
8314
8317
8362
8315
8363
8315
8319
8317
8318
8321
8366
8319
8367
8319
8323
8321
8322
8325
8370
8323
8371
8323
8327
8325
8326
8329
8374
8327
8375
8327
8331
8329
8330
8333
8378
8331
8379
8331
8335
8333
8334
8337
8382
8335
8383
8335
8339
8337
8338
8341
8386
8339
8387
8339
8343
8341
8342
8390
9001
8343
8391
8343
9003
8345
8346
8349
8394
8347
8395
8347
8351
8349
8350
8353
8398
8351
8399
8351
8355
8353
8354
8357
8402
8355
8403
8355
8359
8357
8358
8361
8406
8359
8407
8359
8363
8361
8362
8365
8410
8363
8411
8363
8367
8365
8366
8369
8414
8367
8415
8367
8371
8369
8370
8373
8418
8371
8419
8371
8375
8373
8374
8377
8422
8375
8423
8375
8379
8377
8378
8381
8426
8379
8427
8379
8383
8381
8382
8385
8430
8383
8431
8383
8387
8385
8386
8389
8434
8387
8435
8387
8391
8389
8390
8438
9012
8391
8439
8391
9013
8393
8394
8397
8442
8395
8443
8395
8399
8397
8398
8401
8446
8399
8447
8399
8403
8401
8402
8405
8450
8403
8451
8403
8407
8405
8406
8409
8454
8407
8455
8407
8411
8409
8410
8413
8458
8411
8459
8411
8415
8413
8414
8417
8462
8415
8463
8415
8419
8417
8418
8421
8466
8419
8467
8419
8423
8421
8422
8425
8470
8423
8471
8423
8427
8425
8426
8429
8474
8427
8475
8427
8431
8429
8430
8433
8478
8431
8479
8431
8435
8433
8434
8437
8482
8435
8483
8435
8439
8437
8438
8486
9020
8439
8487
8439
9021
8441
8442
8445
8490
8443
8491
8443
8447
8445
8446
8449
8494
8447
8495
8447
8451
8449
8450
8453
8498
8451
8499
8451
8455
8453
8454
8457
8502
8455
8503
8455
8459
8457
8458
8461
8506
8459
8507
8459
8463
8461
8462
8465
8510
8463
8511
8463
8467
8465
8466
8469
8514
8467
8515
8467
8471
8469
8470
8473
8518
8471
8519
8471
8475
8473
8474
8477
8522
8475
8523
8475
8479
8477
8478
8481
8526
8479
8527
8479
8483
8481
8482
8485
8530
8483
8531
8483
8487
8485
8486
8534
9024
8487
8535
8487
9025
8489
8490
8493
8538
8491
8539
8491
8495
8493
8494
8497
8542
8495
8543
8495
8499
8497
8498
8501
8546
8499
8547
8499
8503
8501
8502
8505
8550
8503
8551
8503
8507
8505
8506
8509
8554
8507
8555
8507
8511
8509
8510
8513
8558
8511
8559
8511
8515
8513
8514
8517
8562
8515
8563
8515
8519
8517
8518
8521
8566
8519
8567
8519
8523
8521
8522
8525
8570
8523
8571
8523
8527
8525
8526
8529
8574
8527
8575
8527
8531
8529
8530
8533
8578
8531
8579
8531
8535
8533
8534
8582
9028
8535
8583
8535
9029
8537
8538
8541
8586
8539
8587
8539
8543
8541
8542
8545
8590
8543
8591
8543
8547
8545
8546
8549
8594
8547
8595
8547
8551
8549
8550
8553
8598
8551
8599
8551
8555
8553
8554
8557
8602
8555
8603
8555
8559
8557
8558
8561
8606
8559
8607
8559
8563
8561
8562
8565
8610
8563
8611
8563
8567
8565
8566
8569
8614
8567
8615
8567
8571
8569
8570
8573
8618
8571
8619
8571
8575
8573
8574
8577
8622
8575
8623
8575
8579
8577
8578
8581
8626
8579
8627
8579
8583
8581
8582
8922
9037
8583
8923
8583
9039
8585
8586
8589
8630
8587
8631
8587
8591
8589
8590
8593
8634
8591
8635
8591
8595
8593
8594
8597
8638
8595
8639
8595
8599
8597
8598
8601
8642
8599
8643
8599
8603
8601
8602
8605
8646
8603
8647
8603
8607
8605
8606
8609
8650
8607
8651
8607
8611
8609
8610
8613
8654
8611
8655
8611
8615
8613
8614
8617
8658
8615
8659
8615
8619
8617
8618
8621
8662
8619
8663
8619
8623
8621
8622
8625
8666
8623
8667
8623
8627
8625
8626
8921
8970
8627
8971
8627
8923
8629
8630
8633
8670
8631
8671
8631
8635
8633
8634
8637
8674
8635
8675
8635
8639
8637
8638
8641
8678
8639
8679
8639
8643
8641
8642
8645
8682
8643
8683
8643
8647
8645
8646
8649
8686
8647
8687
8647
8651
8649
8650
8653
8690
8651
8691
8651
8655
8653
8654
8657
8694
8655
8695
8655
8659
8657
8658
8661
8818
8659
8819
8659
8663
8661
8662
8665
8822
8663
8823
8663
8667
8665
8666
8826
8969
8667
8827
8667
8971
8669
8670
8673
8698
8671
8699
8671
8675
8673
8674
8677
8702
8675
8703
8675
8679
8677
8678
8681
8706
8679
8707
8679
8683
8681
8682
8685
8710
8683
8711
8683
8687
8685
8686
8689
8714
8687
8715
8687
8691
8689
8690
8693
8718
8691
8719
8691
8695
8693
8694
8722
8817
8695
8723
8695
8819
8697
8698
8701
8726
8699
8727
8699
8703
8701
8702
8705
8730
8703
8731
8703
8707
8705
8706
8709
8734
8707
8735
8707
8711
8709
8710
8713
8738
8711
8739
8711
8715
8713
8714
8717
8742
8715
8743
8715
8719
8717
8718
8721
8746
8719
8747
8719
8723
8721
8722
8750
8893
8723
8751
8723
8895
8725
8726
8729
8754
8727
8755
8727
8731
8729
8730
8733
8758
8731
8759
8731
8735
8733
8734
8737
8762
8735
8763
8735
8739
8737
8738
8741
8766
8739
8767
8739
8743
8741
8742
8745
8770
8743
8771
8743
8747
8745
8746
8749
8774
8747
8775
8747
8751
8749
8750
8914
8933
8751
8915
8751
8935
8753
8754
8757
8778
8755
8779
8755
8759
8757
8758
8761
8782
8759
8783
8759
8763
8761
8762
8765
8786
8763
8787
8763
8767
8765
8766
8769
8790
8767
8791
8767
8771
8769
8770
8773
8794
8771
8795
8771
8775
8773
8774
8798
8913
8775
8799
8775
8915
8777
8778
8781
8802
8779
8803
8779
8783
8781
8782
8785
8806
8783
8807
8783
8787
8785
8786
8789
8810
8787
8811
8787
8791
8789
8790
8793
8814
8791
8815
8791
8795
8793
8794
8797
9454
8795
9455
8795
8799
8797
8798
8917
9526
8799
9527
8799
8919
8801
8802
8805
8846
8803
8847
8803
8807
8805
8806
8809
8850
8807
8851
8807
8811
8809
8810
8813
8854
8811
8855
8811
8815
8813
8814
8858
9453
8815
8859
8815
9455
8817
8818
8821
8894
8819
8895
8819
8823
8821
8822
8825
8898
8823
8899
8823
8827
8825
8826
8902
8973
8827
8903
8827
8975
8829
8830
8834
8861
8831
8835
8831
8863
8833
8834
8838
8865
8835
8839
8835
8867
8837
8838
8842
8869
8839
8843
8839
8871
8841
8842
8873
9111
8843
9109
8843
8875
8845
8846
8849
8878
8847
8879
8847
8851
8849
8850
8853
8882
8851
8883
8851
8855
8853
8854
8857
8886
8855
8887
8855
8859
8857
8858
8890
9457
8859
8891
8859
9459
8861
8862
8866
8952
8863
8867
8863
8953
8865
8866
8870
8956
8867
8871
8867
8957
8869
8870
8874
8960
8871
8875
8871
8961
8873
8874
8964
9107
8875
9105
8875
8965
8877
8878
8881
8879
8879
8883
8881
8882
8885
8883
8883
8887
8885
8886
8889
8887
8887
8891
8889
8890
9461
8891
8891
9463
8893
8894
8897
8934
8895
8935
8895
8899
8897
8898
8901
8938
8899
8939
8899
8903
8901
8902
8942
8977
8903
8943
8903
8979
8905
8906
8926
9089
8907
8927
8907
9091
8909
8910
8945
8911
8911
8947
8913
8914
8918
9149
8915
8919
8915
9151
8917
8918
9481
9562
8919
9563
8919
9483
8921
8922
8986
9057
8923
8987
8923
9059
8925
8926
8930
9093
8927
8931
8927
9095
8929
8930
8966
9097
8931
8967
8931
9099
8933
8934
8937
9150
8935
9151
8935
8939
8937
8938
8941
9154
8939
9155
8939
8943
8941
8942
8981
9158
8943
9159
8943
8983
8945
8946
8949
8947
8947
8951
8949
8950
8953
8951
8951
8955
8953
8954
8957
8955
8955
8959
8957
8958
8961
8959
8959
8963
8961
8962
8965
8963
8963
8967
8965
8966
9101
8967
8967
9103
8969
8970
8974
8985
8971
8975
8971
8987
8973
8974
8978
8989
8975
8979
8975
8991
8977
8978
8982
8993
8979
8983
8979
8995
8981
8982
8997
9162
8983
9163
8983
8999
8985
8986
8990
9169
8987
8991
8987
9171
8989
8990
8994
9436
8991
8995
8991
9437
8993
8994
8998
9440
8995
8999
8995
9441
8997
8998
9166
9444
8999
9167
8999
9445
9001
9002
9005
9015
9003
9013
9003
9007
9005
9006
9009
9007
9007
9011
9009
9010
9017
9011
9011
9019
9013
9014
9021
9015
9015
9023
9017
9018
9033
9019
9019
9035
9021
9022
9025
9023
9023
9027
9025
9026
9029
9027
9027
9031
9029
9030
9039
9031
9031
9038
9033
9034
9077
9035
9035
9079
9037
9038
9041
9058
9039
9059
9039
9043
9041
9042
9045
9062
9043
9063
9043
9047
9045
9046
9049
9066
9047
9067
9047
9051
9049
9050
9053
9070
9051
9071
9051
9055
9053
9054
9074
9264
9055
9075
9055
9265
9057
9058
9061
9170
9059
9171
9059
9063
9061
9062
9065
9174
9063
9175
9063
9067
9065
9066
9069
9178
9067
9179
9067
9071
9069
9070
9073
9182
9071
9183
9071
9075
9073
9074
9186
9268
9075
9187
9075
9269
9077
9078
9081
9255
9079
9253
9079
9083
9081
9082
9084
9245
9083
9244
9083
9085
9085
9086
9144
9087
9087
9145
9089
9090
9094
9189
9091
9095
9091
9191
9093
9094
9098
9193
9095
9099
9095
9195
9097
9098
9102
9197
9099
9103
9099
9199
9101
9102
9106
9201
9103
9107
9103
9203
9105
9106
9110
9205
9107
9111
9107
9207
9109
9110
9114
9209
9111
9115
9111
9211
9113
9114
9118
9213
9115
9119
9115
9215
9117
9118
9122
9217
9119
9123
9119
9219
9121
9122
9126
9221
9123
9127
9123
9223
9125
9126
9130
9225
9127
9131
9127
9227
9129
9130
9134
9229
9131
9135
9131
9231
9133
9134
9138
9233
9135
9139
9135
9235
9137
9138
9142
9237
9139
9143
9139
9239
9141
9142
9146
9241
9143
9147
9143
9243
9145
9146
9245
9147
9147
9247
9149
9150
9153
9482
9151
9483
9151
9155
9153
9154
9157
9486
9155
9487
9155
9159
9157
9158
9161
9490
9159
9491
9159
9163
9161
9162
9165
9494
9163
9495
9163
9167
9165
9166
9448
9499
9167
9497
9167
9449
9169
9170
9173
9439
9171
9437
9171
9175
9173
9174
9177
9407
9175
9405
9175
9179
9177
9178
9181
9375
9179
9373
9179
9183
9181
9182
9185
9343
9183
9341
9183
9187
9185
9186
9272
9311
9187
9309
9187
9273
9189
9190
9194
9305
9191
9195
9191
9307
9193
9194
9198
9303
9195
9199
9195
9302
9197
9198
9202
9299
9199
9203
9199
9298
9201
9202
9206
9295
9203
9207
9203
9294
9205
9206
9210
9291
9207
9211
9207
9290
9209
9210
9214
9287
9211
9215
9211
9286
9213
9214
9218
9283
9215
9219
9215
9282
9217
9218
9222
9279
9219
9223
9219
9278
9221
9222
9226
9275
9223
9227
9223
9274
9225
9226
9230
9271
9227
9231
9227
9270
9229
9230
9234
9267
9231
9235
9231
9266
9233
9234
9238
9263
9235
9239
9235
9262
9237
9238
9242
9259
9239
9243
9239
9258
9241
9242
9246
9251
9243
9247
9243
9250
9245
9246
9255
9247
9247
9254
9249
9250
9257
9251
9252
9251
9259
9254
9253
9254
9255
9255
9257
9258
9261
9259
9259
9263
9261
9262
9265
9263
9263
9267
9265
9266
9269
9267
9267
9271
9269
9270
9273
9271
9271
9275
9273
9274
9277
9275
9275
9279
9277
9278
9281
9310
9279
9311
9279
9283
9281
9282
9285
9314
9283
9315
9283
9287
9285
9286
9289
9318
9287
9319
9287
9291
9289
9290
9293
9322
9291
9323
9291
9295
9293
9294
9297
9326
9295
9327
9295
9299
9297
9298
9301
9330
9299
9331
9299
9303
9301
9302
9304
9334
9303
9335
9303
9305
9305
9306
9337
9307
9307
9339
9309
9310
9313
9342
9311
9343
9311
9315
9313
9314
9317
9346
9315
9347
9315
9319
9317
9318
9321
9350
9319
9351
9319
9323
9321
9322
9325
9354
9323
9355
9323
9327
9325
9326
9329
9358
9327
9359
9327
9331
9329
9330
9333
9362
9331
9363
9331
9335
9333
9334
9336
9366
9335
9367
9335
9337
9337
9338
9369
9339
9339
9371
9341
9342
9345
9374
9343
9375
9343
9347
9345
9346
9349
9378
9347
9379
9347
9351
9349
9350
9353
9382
9351
9383
9351
9355
9353
9354
9357
9386
9355
9387
9355
9359
9357
9358
9361
9390
9359
9391
9359
9363
9361
9362
9365
9394
9363
9395
9363
9367
9365
9366
9368
9398
9367
9399
9367
9369
9369
9370
9401
9371
9371
9403
9373
9374
9377
9406
9375
9407
9375
9379
9377
9378
9381
9410
9379
9411
9379
9383
9381
9382
9385
9414
9383
9415
9383
9387
9385
9386
9389
9418
9387
9419
9387
9391
9389
9390
9393
9422
9391
9423
9391
9395
9393
9394
9397
9426
9395
9427
9395
9399
9397
9398
9400
9430
9399
9431
9399
9401
9401
9402
9433
9403
9403
9435
9405
9406
9409
9438
9407
9439
9407
9411
9409
9410
9413
9442
9411
9443
9411
9415
9413
9414
9417
9446
9415
9447
9415
9419
9417
9418
9421
9450
9419
9451
9419
9423
9421
9422
9425
9479
9423
9477
9423
9427
9425
9426
9429
9475
9427
9473
9427
9431
9429
9430
9432
9471
9431
9469
9431
9433
9433
9434
9465
9435
9435
9467
9437
9438
9441
9439
9439
9443
9441
9442
9445
9443
9443
9447
9445
9446
9449
9447
9447
9451
9449
9450
9476
9451
9451
9477
9453
9454
9458
9525
9455
9459
9455
9527
9457
9458
9462
9529
9459
9463
9459
9531
9461
9462
9533
9463
9463
9535
9465
9466
9470
9509
9467
9471
9467
9511
9469
9470
9474
9507
9471
9475
9471
9506
9473
9474
9478
9503
9475
9479
9475
9502
9477
9478
9499
9479
9479
9498
9481
9482
9485
9575
9483
9573
9483
9487
9485
9486
9489
9551
9487
9549
9487
9491
9489
9490
9493
9545
9491
9544
9491
9495
9493
9494
9496
9521
9495
9520
9495
9497
9497
9498
9501
9499
9499
9503
9501
9502
9505
9523
9503
9521
9503
9507
9505
9506
9508
9519
9507
9517
9507
9509
9509
9510
9513
9511
9511
9515
9513
9514
9518
9537
9515
9519
9515
9539
9517
9518
9522
9541
9519
9523
9519
9543
9521
9522
9545
9523
9523
9547
9525
9526
9530
9561
9527
9531
9527
9563
9529
9530
9534
9565
9531
9535
9531
9567
9533
9534
9569
9535
9535
9571
9537
9538
9542
9557
9539
9543
9539
9559
9541
9542
9546
9555
9543
9547
9543
9554
9545
9546
9551
9547
9547
9550
9549
9550
9553
9574
9551
9575
9551
9555
9553
9554
9556
9583
9555
9581
9555
9557
9557
9558
9576
9559
9559
9577
9561
9562
9566
9572
9563
9567
9563
9573
9565
9566
9570
9582
9567
9571
9567
9580
9569
9570
9579
9571
9571
9578
9573
9574
9580
9575
9575
9581
9577
9578
9583
9579
9579
9582
9581
9582
9583
9583
)

// ************************************************************************* // 
